1471
404
1820
1012
231
589
77
604
419
115
2453
153
1831
1807
2321
442
2022
630
1430
95
553
980
1111
361
633
255
987
2403
1321
1486
2454
1239
739
469
1685
1953
1555
2265
948
2049
2441
2349
2091
145
2466
1080
94
1457
761
1063
1361
0
1329
2307
1111
1155
1972
2198
160
2340
641
834
469
1076
1890
1898
1749
781
163
193
2040
1414
1042
1322
1043
478
1498
2068
2186
12
2386
1820
2439
1934
1492
1146
918
1312
1308
1075
2241
1276
934
1198
1325
2013
2468
1794
1062
12
774
287
672
1509
1126
1002
652
219
2279
321
2337
1931
559
2260
751
513
2412
980
469
898
1744
2427
2195
1460
1414
635
1596
2144
2042
1589
188
1206
1062
2078
1640
185
763
1924
1363
807
1785
1192
776
229
1582
1093
0
1147
2410
2266
1833
698
2017
704
42
2299
42
1787
914
1140
1295
549
380
1497
2289
868
1385
2325
2285
2025
1141
86
1779
2481
1767
948
790
2158
1189
475
1725
770
2167
777
1484
191
1359
1127
590
1025
2385
476
1376
1971
1913
1097
1746
362
388
590
1783
758
1166
428
2418
724
2492
849
471
1637
226
1535
571
131
1161
1550
2244
456
1295
1805
911
2480
578
1763
994
2044
1567
1736
2019
797
1268
2456
1970
1517
1320
935
788
1069
809
2036
1774
1691
928
1127
231
1162
441
2397
864
1363
2151
1148
2384
1900
2149
742
1270
1376
1794
1071
2059
36
119
994
932
2362
465
1229
1899
771
1834
953
629
521
946
1880
2227
399
2455
256
2281
129
1976
695
551
414
1533
1933
861
1723
1523
546
81
189
1069
1959
1744
38
1490
1811
2099
1317
886
1785
181
1365
595
1530
575
375
1320
785
769
443
1698
1301
1969
630
1746
1405
1302
369
1129
1715
777
2185
1556
2092
481
2300
1149
1022
2453
1641
273
1743
2195
409
2089
1916
2074
1648
656
2000
601
1125
804
567
2217
106
281
208
130
2195
1571
1017
1833
854
821
1248
100
1042
2200
1061
2047
2462
2420
754
5
1126
1698
156
2190
1548
882
457
1288
1831
1540
600
123
2172
112
944
1764
1921
186
507
2280
487
1643
758
198
1218
303
615
1230
1739
1859
548
444
44
2305
2069
1492
2179
988
2447
2477
833
1651
1109
672
1644
778
2485
1113
1520
637
2054
150
897
276
578
153
575
726
1541
2326
1242
1052
627
2274
1447
1374
257
150
151
2278
211
964
2319
661
318
1602
372
2083
322
2463
317
2031
2484
1958
1450
2128
193
647
173
2323
2150
243
1718
76
1129
1136
972
1837
1939
519
557
1595
678
2345
765
2183
1236
1202
163
366
89
1100
248
2190
2180
1482
599
634
804
1058
720
1295
2061
568
1693
139
106
1000
680
885
1463
267
179
1499
1708
2285
2350
2267
735
2281
570
2417
1695
211
1317
83
2156
387
900
1891
1279
248
2195
2250
1157
68
2368
960
178
2102
503
1660
31
1084
2435
2439
875
2424
923
1278
1476
2361
1542
1934
1627
508
2201
2429
2068
637
2019
2475
369
703
1781
1534
89
2158
1149
1986
2084
408
1158
378
143
448
1568
1885
1756
917
1026
1824
1658
30
927
1117
883
129
1061
1934
1690
1240
1724
517
204
1085
98
365
2398
2291
1268
2457
123
1071
951
1345
2231
1470
1076
433
249
86
447
189
106
2497
1862
2348
1061
2286
1508
2226
850
1812
2366
2474
1052
2133
729
218
695
802
28
329
2021
889
1540
2387
1011
793
1371
2399
895
1217
2359
1340
1685
1852
2498
2459
1082
657
1244
1911
313
446
351
633
2344
959
561
540
1932
699
671
30
637
2270
93
689
1542
2062
1683
844
738
1476
1975
2436
547
2495
617
2121
2066
54
898
315
1141
900
1103
1351
2472
1225
903
1215
1759
366
341
1575
123
1208
407
1562
2482
2457
1194
2138
690
458
275
2391
1215
2270
582
302
337
2328
514
2382
2487
1614
2002
1485
2368
1690
1937
2331
447
1241
1666
1022
1430
1751
407
90
1563
2306
1931
2425
1928
1371
2285
2472
2495
2292
176
1344
1106
19
1233
220
356
1519
827
581
326
636
439
1222
418
419
468
2281
2236
1978
1119
705
770
240
866
1111
2295
1830
2381
412
1712
455
2292
2128
248
297
2137
1330
2328
192
2173
1262
625
1180
820
1813
328
705
2058
267
1263
1481
2030
2174
1225
1446
1282
1308
241
1807
1679
590
1806
1141
1484
1844
1784
1609
2288
959
731
2302
1868
345
896
2465
1965
1223
763
584
1175
397
1991
355
405
491
268
1452
865
2240
1263
1183
2448
219
1218
1113
392
1846
946
614
412
1160
1778
1384
1875
684
768
1717
2364
1187
1487
1675
518
1947
745
2183
1997
2174
768
505
1529
1148
1879
1950
2095
1585
1645
1610
1020
619
431
1869
2297
1469
639
438
666
1230
1786
2195
1051
1721
294
1083
395
243
1715
1022
717
486
125
1005
994
2136
1111
22
1683
304
1111
1619
884
1336
2295
248
829
1267
14
1819
1619
319
1105
2022
1850
2119
933
1228
1986
209
1340
2414
2203
2051
1476
503
1093
2015
1997
1699
1506
2146
2364
2350
1515
2008
451
1136
1235
1301
2115
1469
1870
2184
1426
1371
898
1696
117
2080
1729
1253
2092
875
1328
1390
2122
271
315
611
615
2240
1227
856
1625
398
1834
748
1373
863
1479
1846
1634
2455
1668
1676
2241
565
5
338
1109
876
1806
1015
663
1411
1131
867
1653
1940
592
536
138
1571
2042
2034
143
2096
1392
1112
394
2409
350
55
2159
322
1720
2229
2316
1527
778
1332
1398
1738
1740
451
547
11
675
1040
2274
2187
821
1452
2391
2128
916
544
1108
1562
959
50
1179
1336
715
1452
1055
259
1015
2026
949
120
2071
1476
1953
265
1124
266
1502
673
1829
1424
1357
518
2126
1284
1933
1312
1866
1467
1876
2434
493
963
824
2012
455
578
284
1098
146
904
520
1873
725
983
557
545
949
1199
919
1418
2471
1667
1181
95
2360
1929
177
1101
1779
2062
1539
792
1962
1829
606
1544
1071
823
703
1109
118
478
280
1065
612
664
1731
2122
1043
648
2091
1803
1126
628
886
1632
2338
1919
2009
2262
808
2295
1314
1796
2029
958
2386
1500
1465
892
2302
622
1643
2479
1428
719
2483
1398
724
1891
1131
663
1852
1950
531
883
642
366
1316
1067
2424
704
2294
1391
280
2474
2108
327
643
2371
1911
439
411
1466
2412
320
947
938
2098
882
1610
945
506
2254
143
581
112
1118
505
1084
1708
2083
699
975
2248
402
1442
738
780
1521
162
792
675
2379
365
723
2379
1394
1727
660
1693
183
1939
1371
1312
1073
1451
2036
2400
1448
1508
1229
533
1662
2078
1851
893
849
608
575
1067
1758
1857
2002
844
1830
607
1289
2017
82
1438
251
2207
48
1487
459
444
1936
637
2321
863
1643
1428
2062
113
1041
1963
1594
1239
1860
628
934
69
31
1753
85
2303
1736
1776
1773
1061
1484
178
9
1341
2028
92
2385
55
2186
688
1641
1675
2258
287
392
497
1042
154
311
2225
867
954
794
985
838
596
934
1396
145
1721
693
252
882
1896
2037
2400
1864
2057
2307
1681
1419
2329
943
1904
1187
546
875
1127
1569
75
1960
1394
334
9
441
2461
497
1625
493
774
1647
1512
2493
1052
1417
2086
474
1444
169
2142
429
1476
35
552
2474
1621
607
2005
1382
1755
592
546
966
2146
513
434
1422
331
1093
1465
749
1903
469
2360
376
863
2492
1736
151
238
408
643
991
1565
1664
539
1817
2446
1850
1418
1427
69
99
61
985
509
749
2120
202
1714
1976
1696
959
257
235
1033
969
1228
1399
63
1082
2500
1620
49
1193
9
1911
458
1459
8
674
1807
1159
1094
1518
1082
788
1489
1794
607
497
1466
1402
1034
1653
686
379
1216
775
1516
670
1016
1347
949
985
774
80
1877
973
1185
845
345
461
1490
940
803
614
1876
2272
2447
1689
789
1814
1001
745
683
1385
453
1736
821
1967
603
1142
1029
871
167
1127
985
2358
1439
93
392
439
219
794
312
1458
1476
1861
834
596
1054
161
980
1677
1984
1303
308
1232
2459
1264
255
2481
1535
749
568
1060
244
2224
500
2150
470
1854
1054
2299
1349
1474
586
1936
1299
2280
845
1471
268
1560
2278
1531
2364
1227
2183
2051
1128
951
1669
447
1682
1550
1939
321
1227
1400
1279
1689
161
1841
1821
2142
1094
1936
233
1394
702
2258
1174
539
380
1321
783
1372
2297
25
943
1989
984
876
1619
410
885
2451
856
474
885
1905
1982
2474
1660
1629
1827
417
2041
1072
640
468
429
840
1852
2417
608
986
156
522
2414
668
1521
1752
394
1424
2233
1382
82
183
1797
1525
754
2075
1624
1341
203
629
2343
2392
529
2472
1718
1320
1351
478
597
1845
235
1741
1975
2138
1960
1803
206
116
488
2166
797
1713
428
975
2111
2327
502
1576
2303
1485
380
1789
366
2226
1588
61
1667
591
1016
1271
2259
1980
1806
1487
1458
1384
1797
51
1344
2208
1758
2392
323
770
398
464
2405
2121
575
2442
1016
935
2500
1128
1588
1066
324
1670
1459
426
1943
2167
763
2311
1374
454
1000
2304
2263
2417
2200
517
827
821
1055
2442
891
1826
697
459
664
2385
550
951
74
1120
244
1633
2202
486
1507
86
1638
1650
1105
1197
791
360
1551
891
900
1276
951
1197
2400
1957
445
444
809
2125
343
485
1453
404
1963
1884
914
442
881
1817
2284
1945
559
591
1876
377
1323
550
2054
2076
1815
1848
52
1987
325
580
1386
1602
1586
465
626
1889
1730
629
2191
2175
1138
1445
1840
45
2007
2275
865
1007
1795
2457
2186
815
2036
130
1203
1859
291
1521
1811
575
1892
1974
206
1543
95
1604
1452
413
234
2147
1534
211
1935
454
2004
595
1636
528
561
2361
1127
1484
105
1329
964
1481
1775
1094
141
2051
331
1531
992
205
1254
888
1952
2137
2082
1766
458
64
1721
1335
892
1012
2323
1247
2224
1581
2305
1030
204
127
656
2253
2490
1488
284
2089
1898
1696
1518
697
2308
1405
2064
1570
2308
2105
1529
1549
1731
2482
1031
1413
1057
2103
1037
2270
9
19
268
886
1638
1918
60
1431
2227
569
1291
2398
1483
1360
71
754
1092
575
624
501
234
203
2053
1848
2379
766
2037
2389
2356
150
363
1523
1243
1132
722
1082
1418
1453
1204
1732
1625
495
1993
170
1092
2302
1384
1816
17
1877
892
899
1944
1
172
1930
265
629
679
1593
1068
2028
1777
2280
311
1025
2312
387
1043
2459
826
540
67
1828
1371
558
381
37
817
2102
1709
1691
960
267
2460
473
665
2149
2109
1564
1124
842
882
477
2398
2397
2246
741
257
1934
1863
1419
955
1206
2019
1008
1398
635
495
1941
334
1220
1865
1936
1426
24
740
839
1062
1079
1551
2186
1423
327
520
2005
2492
2324
2147
1890
1991
880
1619
1765
2075
1487
1662
2053
292
367
938
1029
2500
1049
587
1128
1407
1825
767
2235
1619
876
1014
1427
2489
2277
456
2190
1595
1977
1495