1396
1469
412
1266
845
697
986
683
1473
1411
435
642
728
923
341
683
198
814
1376
446
908
1075
658
971
1224
617
12
705
1387
746
1325
480
589
250
293
1439
1132
302
777
993
859
1278
885
1244
815
365
606
32
1251
570
958
1228
123
426
496
1370
1259
885
556
613
407
235
1248
1047
69
1104
54
316
43
111
177
51
810
182
467
840
348
249
1261
1180
192
1434
1051
1402
104
1146
1110
736
979
217
1324
680
849
799
1372
213
391
442
1126
53
1090
349
742
741
1188
1324
152
1486
71
1143
1236
517
98
1188
418
977
438
1337
619
932
25
1430
311
668
130
705
1327
540
744
886
1320
1376
368
449
611
390
778
1395
346
717
864
643
1179
675
29
786
358
815
1265
939
1037
1044
1012
1
1002
704
595
1086
902
702
105
976
1305
1170
1345
1495
11
878
925
1477
693
14
762
25
953
1433
1045
1341
650
558
711
744
1338
652
12
1194
1394
1487
756
829
1430
767
168
146
1473
944
1376
706
949
1173
759
24
972
899
350
718
1471
195
412
1412
1366
446
650
962
461
894
540
417
992
806
687
440
333
248
1119
569
494
1436
727
528
17
85
202
505
841
1089
919
1172
526
243
1263
201
1102
794
120
1430
369
407
1351
1139
252
488
1289
356
1320
1080
623
526
832
760
1227
1068
685
373
833
637
1490
252
1344
1402
616
675
1236
1384
19
641
972
628
515
485
1199
810
958
533
505
1072
1499
1226
353
884
1143
983
412
1402
591
547
177
1170
1147
21
595
594
433
726
1168
1347
567
651
1385
1321
1471
440
933
824
1134
1115
921
544
200
1244
1467
101
784
286
1084
1443
630
247
1220
435
57
273
1162
759
907
1045
600
841
1246
154
495
582
766
1381
1116
946
328
447
772
1021
849
1381
980
1261
1343
1231
866
1248
126
777
227
1377
594
1133
641
569
1405
371
471
993
1500
141
1024
1461
1157
896
624
1226
1036
732
1152
983
300
1116
1105
1156
169
1384
390
1110
618
1302
661
1124
929
175
800
813
1214
491
983
158
870
414
175
984
1303
1240
1496
318
715
707
583
1119
1396
972
507
669
328
320
704
1130
344
173
1028
280
1469
1294
1042
507
1465
584
494
756
613
1017
410
776
369
705
69
217
1009
870
505
1420
440
1318
886
1383
879
663
1079
1242
126
224
769
1146
133
816
1383
356
770
808
995
394
958
1148
286
430
1490
1291
502
870
270
1422
734
461
1442
1385
294
20
197
103
1054
74
430
709
14
21
827
82
1114
552
355
325
308
249
784
428
833
859
434
90
1075
1466
133
883
1074
215
606
109
559
293
1323
184
1375
1464
128
653
837
74
87
1264
1200
461
865
1180
1154
1278
440
1183
1266
371
360
988
91
440
1007
879
833
351
438
135
790
1152
933
1336
54
971
375
1067
696
1244
327
72
866
97
1327
668
785
759
1298
649
801
924
1205
1191
1463
988
584
767
44
540
201
32
1021
570
440
1287
1483
1231
1070
521
1045
1059
1358
71
912
536
989
557
429
450
250
587
582
1222
165
1170
1040
11
1364
584
1215
1404
1089
280
681
106
603
408
134
72
1093
73
478
472
451
409
1280
1355
849
1086
338
875
1152
1367
1367
1005
1435
1384
813
474
401
907
879
1407
1153
415
1303
1375
257
364
468
814
1422
1301
185
720
740
495
615
264
874
1474
550
423
1317
1175
1002
540
583
24
1021
180
442
580
18
1350
389
895
1107
823
961
795
928
645
13
819
13
277
1205
225
1036
231
342
871
767
352
1120
325
996
1392
1400
1272
781
137
1362
309
578
786
239
779
1066
1072
758
667
415
867
342
1323
398
85
895
1398
789
674
903
389
695
1475
616
898
32
1376
736
889
265
828
1313
1338
920
1229
922
186
218
1484
118
1033
585
831
658
1055
1496
1217
1134
980
38
703
741
170
1472
158
1082
592
591
1243
241
1462
1429
1023
233
928
410
273
1174
1029
788
901
1073
614
231
611
656
494
365
733
1112
1000
615
1390
903
429
759
168
1357
1088
1061
1205
930
791
739
673
174
609
1
109
1493
1218