5746
4980
2050
5293
8240
9177
7686
718
5650
1357
2146
4590
5077
1124
9556
9555
9096
1072
8306
7532
6188
4166
1244
1263
1533
6513
1890
8372
3918
3566
1359
8790
3135
5947
4627
5931
1007
5971
9852
3399
3143
8118
2774
2270
8981
7944
9074
5825
4722
9363
8942
7220
9731
1722
7119
1765
1015
6608
5597
841
6186
1120
8598
2257
5298
3558
916
5576
9017
5434
1681
6733
8299
5818
6033
9970
6709
496
4136
9023
7292
3079
6689
3319
6149
7215
615
8631
7007
1027
6334
3218
1684
4167
6869
5237
8071
3015
8376
2850
1283
8484
9506
8066
9690
9294
8024
5313
2960
9146
7175
3322
1221
7522
3640
4512
9687
5758
8717
6742
3266
8895
6528
2948
8344
8954
4231
9301
8323
9030
7256
4938
2449
7369
4012
8833
3060
4873
7985
3808
9526
2943
2424
6274
9258
3621
4112
213
7019
726
2017
2379
7424
6008
1710
4941
2921
3612
4818
1680
9487
9076
845
937
8858
9458
3394
3568
9504
3587
1464
5026
2771
4422
7581
1608
6489
6618
2753
3636
5963
3552
4402
9180
4234
1759
2043
1821
2052
2368
9469
3480
6688
274
6247
7435
3923
9072
2777
9139
9676
7835
7756
7833
115
9534
1525
3186
3543
9908
3371
497
5823
9011
6024
2645
9876
5391
237
1016
7072
757
720
8129
438
8962
2311
468
986
4191
1225
1913
4120
9506
139
4285
1810
3376
2755
6716
9978
4489
8903
6236
2738
5632
8055
6281
5057
9845
4618
700
2461
5231
4963
5910
3452
648
1341
8627
3300
9842
9918
1921
7203
195
4998
9911
7111
1359
348
5857
3627
8196
228
5628
8326
527
745
6851
4058
628
5341
1504
504
8665
2980
4715
6028
6199
6871
1179
3952
3395
5170
621
6641
712
4536
6387
7909
4005
6217
407
2308
2681
3689
3866
7338
1493
8948
9901
4173
5516
4393
4916
6046
1049
7644
3345
9954
5943
3053
5182
1554
588
6151
6461
8516
5126
1885
9827
1353
3648
395
241
9314
1268
4203
7090
9992
4609
4162
7340
5969
6023
8738
1761
4226
7160
7059
1031
185
14
8763
8978
8315
4823
967
8648
6512
1669
9826
8215
3188
4783
3305
8887
8818
9163
9250
851
5480
2639
7305
8328
7190
2958
9981
1990
1541
768
2122
6274
143
4464
358
3307
8180
7175
5002
1156
2613
9251
7284
3083
4371
4153
7017
699
4290
2070
4135
3420
7688
5403
1521
2709
8554
2665
927
5613
7742
167
5498
7293
774
2516
6705
6655
615
9692
853
3578
2025
5422
1889
2795
8710
156
7529
6588
2204
3956
281
1930
4842
3115
4632
9912
7511
7346
5701
1419
9966
4543
8255
5320
5374
528
7179
9290
6893
5876
7585
6528
9265
3208
3552
5450
5947
8487
7110
2262
1995
8884
9118
4151
1861
9809
5660
980
5264
6070
1364
9293
9862
7337
9780
5980
3288
4479
7907
7218
4174
136
2360
3097
5238
8305
8412
167
6633
9238
7956
7191
4845
9548
1434
8492
1531
5925
4806
2250
3903
7711
2525
2467
6488
7233
4856
5959
9952
7930
7169
5911
9657
9030
2467
4870
2252
7289
3016
9067
1667
8371
226
1478
1945
3421
979
2370
4862
6962
9657
8924
7605
8886
5858
3386
9461
4758
9127
7470
120
1591
400
2584
1722
100
26
8010
8936
1894
2897
7633
1475
2528
5703
6184
2667
979
5958
1759
261
7748
6713
8121
6665
1654
8410
567
7367
6799
7400
9378
9312
48
8972
9611
4397
356
3547
8795
8479
6451
1674
4691
1712
7116
7207
3138
58
6153
4779
3420
8659
2791
6212
2923
6395
1918
1204
2316
3988
6440
1425
8284
6567
3329
3668
11
3110
6956
2180
5718
2481
6787
5620
2927
8897
4789
103
4183
6242
5326
6177
9964
9606
1170
881
4809
2096
9440
2620
8500
7350
2093
8352
2731
6504
8861
1153
2434
2700
3983
8975
2100
3508
1499
922
6865
3650
5561
1727
2059
7295
3171
8188
2704
4392
727
3690
8155
8092
3457
5681
6429
6851
7335
9730
3347
9161
7196
825
4171
4559
9297
347
947
4615
2244
4251
6776
7103
6506
6421
5036
5881
5954
6892
8430
1239
7108
3048
3133
7160
8554
6210
6169
6472
6802
6887
4460
1587
7346
836
5822
1701
4224
6731
1411
5140
6402
2483
7101
5984
3097
7413
8874
4438
9217
4296
8848
9939
5037
4271
9600
8347
439
1661
3486
6059
8195
9798
4379
3688
3132
478
1561
8377
1954
3733
5049
233
4433
3880
5916
5483
3379
1867
6840
7193
4306
5710
2295
6126
5816
7701
3688
856
109
2962
7328
838
3852
7208
9013
3661
8357
2810
5935
2996
9072
170
3962
8803
5012
1356
2427
797
5916
609
589
8425
3605
3006
8413
2846
8143
4453
7842
9560
7637
2729
909
4703
7370
6739
9846
9062
9767
2285
5680
8046
7947
9850
7660
9805
9453
7499
117
7239
1962
4548
3418
7106
1067
3065
9687
4983
8371
8262
6794
1185
8945
8645
7050
3876
2730
2719
9857
4716
3933
6148
2980
7923
7667
3742
6921
1268
6080
4914
875
5000
6797
4411
7604
4833
3115
2901
1068
1281
3028
9825
3456
5369
4360
1839
1719
6510
130
5649
8895
4401
5739
7590
4814
6712
1491
5622
5861
5219
8193
9401
7507
6797
2823
2858
7652
8495
3195
4854
3502
7850
7537
1567
1044
9619
2322
4256
1830
503
8355
2049
7581
8285
8338
4542
8847
7402
3941
9466
5035
5909
3353
607
7727
9882
6744
8832
9800
3274
1293
340
8773
1426
8262
2471
9430
2664
2704
1804
5561
5096
9529
4081
5767
610
3644
8366
1674
9967
4411
4632
9507
7978
3820
9048
8202
5821
6040
6437
648
4985
8473
5829
4736
4410
476
7120
7722
6043
9892
8658
1526
3922
7175
1996
5215
7755
7526
8172
4122
4124
5018
2797
6869
3314
5058
3836
6536
4366
6002
4982
4498
3260
2562
101
3241
6125
9164
9925
2168
4064
5192
4391
5873
3986
8812
1458
350
4070
9055
149
1331
4486
9000
9445
1321
1662
4335
3247
1944
4002
2051
5715
610
7875
2681
1015
9507
5858
6229
7097
7039
933
6845
9524
2835
8561
5099
459
4025
8397
7708
4179
3428
3331
8237
4648
2295
8562
9531
7664
8761
112
5540
6468
540
4850
4624
1385
1745
9970
2986
4867
4061
4099
8564
8801
8602
2477
2430
1400
3811
516
5688
3003
1779
1744
5657
6554
8845
9190
9125
159
508
616
6224
5168
6471
5400
2927
3571
2530
766
8280
3306
3774
7994
1866
429
2169
8091
3454
8163
5452
144
8207
846
2583
537
7542
6021
3195
7376
9161
3286
1404
1673
3608
1255
2855
2501
1630
6152
9048
3781
2380
7465
4343
3994
8318
5217
3832
7965
5067
8045
6851
8596
9966
3510
8497
2482
2369
5325
7907
7291
1376
2414
4109
1930
641
3799
138
596
6043
9577
7530
331
5713
9504
2297
7549
3382
6261
6044
2832
2458
357
9210
549
8802
4683
9473
1379
3595
2337
4336
2459
2642
2835
7867
5763
7371
9694
4243
5862
9969
7144
8735
2793
6900
9530
3961
6913
5598
6386
8968
6273
8189
6068
873
1722
2804
8038
2994
3513
5728
2007
9040
3917
9084
2339
5325
8295
7730
695
5676
5308
2848
356
6244
3014
1022
3879
5581
3652
1965
4768
4882
3305
6238
5462
1843
6633
5959
2305
7836
9189
7869
3611
2844
1671
1222
4309
4364
1567
394
1920
3322
9952
3445
2048
1772
3426
146
5633
3057
5838
6200
8068
4818
4902
2454
6863
7468
2574
790
1067
7228
7728
9182
688
5410
8256
850
7377
2911
3859
824
8889
316
4383
7768
3890
7618
8857
4651
148
3609
5173
6737
7510
26
7496
6157
9848
6049
3380
1400
906
4751
386
7504
2154
8147
1264
8646
5596
6321
4469
4423
6027
8618
6095
9214
9215
7984
5934
46
9568
8134
8958
7595
472
3237
278
882
8711
508
7250
8114
1046
4455
7814
3127
7454
4770
5828
2432
7331
9110
9202
4415
9694
3793
7667
8637
3752
191
3975
9712
9116
87
7361
3307
9107
1213
4549
9221
4471
9088
2204
352
1352
7806
2199
8177
7217
1304
6072
1864
344
6015
7292
9175
3162
7437
1170
6345
9523
3381
6719
4773
8844
7236
3082
5634
2095
1993
852
2488
6332
6860
2066
4365
731
2421
9350
1934
7956
5089
1897
6999
8846
9287
7663
7018
8869
3813
7580
9706
8512
353
2575
1772
9615
4229
7399
29
7252
3146
3260
9099
596
7646
4984
256
2828
1647
62
976
4701
8333
8291
3286
9971
7741
9855
2599
3394
109
562
528
6553
7181
5440
2085
1006
3736
9971
7118
1292
4706
963
6386
9836
9702
810
7401
7501
7595
5745
656
6035
8803
1020
9378
351
7732
2432
3719
5412
5239
4203
8052
5915
7826
6192
6961
1293
4089
1504
8250
1815
962
8860
6829
9801
4239
8072
5633
685
400
2250
8943
8713
5071
2415
261
8305
5601
1151
29
2039
4399
2941
7100
7519
2518
5027
2954
7195
9507
2335
4194
8609
8017
1931
7720
9816
4488
8441
5893
6002
9582
5801
4354
7914
9675
4912
8616
2083
2042
8429
8905
3267
8950
9762
5371
1355
5142
959
8659
1096
1729
2786
858
400
6949
7040
5228
923
5156
5390
179
940
6523
9289
7027
7889
4969
2508
1788
1297
1762
4442
6457
4296
6362
4440
212
6538
6846
3
6437
9400
9628
6500
4911
7706
306
6852
5155
8595
253
6041
3123
7237
4138
8502
9273
6349
134
8625
6686
4404
5546
605
3263
7813
2246
3569
2372
2206
8665
6994
8693
5904
8853
6043
3476
4353
2337
4419
9447
9935
7012
3375
8251
4741
1210
888
4176
4652
6260
4039
8146
1807
1156
2814
5533
646
9220
6822
9235
21
2505
3129
7764
5238
3267
702
5319
9705
5486
9386
1270
9789
5717
3295
8316
8119
5275
7485
7702
3893
8282
5029
9821
132
4774
5687
8820
2029
6482
9892
8264
2611
5765
7962
8497
8082
5065
3313
3151
643
929
7810
1525
9179
236
9615
3571
4089
5268
7663
1282
7075
1751
4542
9618
5932
8514
7662
3361
9184
833
3666
4545
5768
6183
8180
6596
8601
4216
7904
954
2885
771
3305
979
8322
9080
1430
6257
9050
6262
5684
7926
7983
1847
8973
7369
5955
6631
3857
4711
9899
3012
5191
1771
5806
2754
6801
8287
4741
2572
7747
2922
9106
5349
1307
7570
2778
2239
2251
9788
6163
2887
8990
3118
7200
5070
700
6263
3327
6438
857
7064
3023
1648
8678
9475
1453
9343
4283
4963
6435
1618
3943
6926
5023
334
3293
2069
1216
8873
4463
8480
7141
512
9661
7080
9740
7497
5941
9746
3816
2496
3873
9134
9974
4208
5850
6161
2291
6222
5716
3469
977
5668
6849
1456
2302
9449
7069
0
9272
5359
6611
2269
7023
6988
3801
1826
3839
5998
1598
3259
6927
142
8773
5478
6309
4177
6340
8397
9261
2146
8851
4593
7380
367
6962
4942
2940
8624
3271
4847
4228
8222
9846
1669
1488
2436
71
2025
1363
2490
5278
8220
4640
6316
4615
1444
6771
1706
9873
1482
4169
2201
3909
2888
359
675
2966
2069
6936
1177
3046
8111
9025
6648
7690
7728
5795
8531
7219
1159
7510
4402
7819
7296
3113
9992
9991
3268
1474
4323
6839
8526
7749
2945
1765
3623
4090
8742
3552
2175
8220
3068
3024
6845
327
9862
933
5747
5176
918
1541
6669
6150
9526
3305
6541
2808
9934
4947
4250
7720
7278
6912
7285
2383
8728
7441
6454
5871
3429
7762
1426
4938
5130
2832
2625
2690
4889
168
9400
4992
6317
4725
6584
9069
6801
9152
2059
1582
6368
1629
9316
4027
3173
94
9233
5554
6373
612
5150
2801
7578
8032
584
9070
6182
6382
2617
3250
5152
9931
4290
8530
5422
7302
1904
1137
697
8561
4894
1105
5647
2671
4581
7643
4460
2275
8249
3350
250
2786
6482
3768
5832
1472
5187
8259
959
2456
2868
7407
237
5366
2990
5918
1846
3260
6144
6653
153
6001
5558
7819
3159
3676
2055
9952
2777
1628
7226
7426
824
413
3802
5804
3442
6291
1322
5884
8127
3388
2904
9067
8948
4537
3841
6377
6087
7047
4947
1880
43
744
5988
5344
7072
2382
9068
8304
3887
39
5673
375
4948
5465
7626
1151
6714
766
872
7659
2540
4406
9021
1871
7847
5706
1219
3455
336
5246
1786
9861
721
6945
7916
7127
6004
840
8801
6038
6718
4574
4645
9154
6406
3313
8747
5466
1192
1975
8526
4328
4638
781
8885
4194
4154
6716
9869
6048
6743
6039
2654
6022
8725
5810
4840
9161
6160
8879
7418
291
9379
7207
5411
1513
6833
9147
9437
2121
6097
2463
5025
1956
3001
3486
517
4838
8744
2892
5010
1320
8675
6593
6840
8995
161
284
2074
5099
9156
279
1222
664
351
8924
8695
6981
2560
2775
407
3327
1605
3426
1407
9686
523
4020
9048
7108
9977
7035
1616
4491
539
658
2084
3608
7423
9376
1189
9581
2840
4868
4213
1635
8815
1276
9504
3278
765
1973
7235
3044
505
6926
8090
1277
8350
9618
7074
8974
69
5477
4653
5919
5499
9501
5043
4775
4247
6071
8207
9341
353
2224
6978
8293
3677
7719
5282
9156
2627
4204
3328
8578
2712
8925
8198
2243
2053
8988
6815
4056
2016
4377
1439
735
6056
888
3673
7575
2751
8431
9433
2246
3262
4534
3606
1992
4683
9943
9362
2966
6859
6887
4811
4254
614
8405
9267
768
2645
4916
7233
7339
412
6098
3590
1456
3617
322
8165
3128
3419
8585
1038
3320
3222
6768
7204
3931
9281
5360
8801
8724
250
3887
5189
4856
814
2414
8097
2854
601
5238
1878
6308
6065
6110
1670
8542
2003
3567
5171
9303
8425
7051
6573
3307
9584
5694
5583
2192
3727
5280
4309
1144
5353
9181
838
5459
3179
730
464
461
1485
4195
7090
1415
4515
7820
9141
7172
8861
344
2730
8281
570
661
4402
1477
1210
4352
2607
5320
7503
7172
5616
6009
6245
1635
5215
9949
1959
3203
8589
2503
9204
1877
5525
8168
1574
7642
6553
4410
6703
6093
7128
1414
2894
3644
5535
9115
6691
5375
1591
1813
6565
8988
3543
9513
7924
9915
350
9457
2066
2115
7769
3449
1636
8659
6530
5576
6300
2596
4273
4753
2645
9199
5340
6327
2536
5248
577
6162
5236
4856
8942
483
999
8656
9390
7246
6220
5262
1966
7044
3891
3986
8620
6932
4191
951
4269
5163
2070
7062
5429
373
3733
6296
4523
3471
2821
3281
7580
5016
5669
2127
3103
9948
5031
5637
217
3539
2414
6851
1295
5529
7883
9628
3089
8049
55
5471
8102
1725
4803
2073
1715
6510
1765
5493
7379
8460
5573
2810
4988
7493
6697
4698
5111
3596
5455
3038
4711
7986
8383
2286
809
6455
909
8250
6851
9583
6207
4548
9640
1121
4167
9154
3740
5094
1549
1683
6713
1388
7037
6171
6554
300
6057
663
8473
1549
569
1004
1385
170
1837
9089
6950
4088
1301
6292
9016
4759
2594
2384
958
2552
3814
9145
4504
9690
3253
3604
1274
3319
2675
6273
8920
1237
6336
2548
950
4545
8599
376
3357
7266
4544
5352
6174
2695
1355
3830
8215
6085
9534
203
9511
819
280
7729
676
3569
4667
3768
7837
4067
4772
9842
362
4980
3485
1570
2428
3747
6332
4392
7334
616
7100
3545
461
2379
8235
2183
3843
3960
7187
7451
4180
4155
6592
3502
3467
5585
5398
4458
9665
3611
9994
9653
4078
3123
9266
5493
6556
7091
4301
9573
8071
2249
225
9467
4269
4974
4779
3702
3389
578
9734
303
1271
151
4258
870
3271
9164
984
5018
3670
1872
5154
1000
1843
275
6688
3946
3078
1253
1894
4653
1672
7920
5857
7284
4962
347
8706
3831
4127
858
2699
3507
5181
224
3488
1969
2244
2631
3540
1094
2876
1824
8613
1775
8687
9021
8295
3524
5311
6137
1446
856
5429
88
2285
6487
7936
3058
6040
1835
4136
2498
6355
872
6541
4609
716
6645
6640
6689
4186
2242
9731
8810
5288
8935
5780
5250
4991
8490
9096
6848
7660
8053
1893
4194
1851
9536
9035
9430
9706
1927
2007
7358
4422
190
9656
9136
5437
2827
304
261
3389
8226
5796
8873
6501
6131
5422
8036
172
4481
7969
8190
6012
3341
6251
7018
6715
8978
292
5752
173
4923
8312
9522
717
5436
5262
8223
1891
1438
1167
5665
922
2323
143
7619
3140
468
4233
7441
8709
8911
1190
6934
6484
7677
2549
8341
2843
2015
508
9651
984
8434
4387
7146
4928
3964
2280
8272
8203
7373
5661
9698
1284
6864
4121
3480
3675
4446
3056
6072
2303
6523
2297
3085
9802
4125
1843
3608
7494
3469
7291
6606
6633
538
7505
2051
2790
2582
8414
8661
5753
3652
8287
4335
4433
2222
4816
7487
9003
9191
6937
6117
3245
8407
3751
3241
3323
4670
4880
2063
9796
6189
6093
9636
3154
4432
6872
2031
8637
5664
5437
2051
7089
9781
8040
9825
3048
9425
8140
3912
6459
9922
9934
1222
9922
1852
2407
2152
6983
8147
7787
1553
8852
9862
8267
9025
1858
2242
6514
7379
8040
3212
9799
6322
6234
7585
7812
5227
4035
4848
9523
370
2828
9185
6485
8443
2879
5530
2936
7165
7012
7506
4452
4204
7109
1583
8551
3562
1463
2767
6331
4725
8209
9601
1143
9635
9964
969
8209
8123
8709
2048
6680
3984
7885
9868
2222
6114
7264
5803
7760
3317
5120
3906
42
3382
6128
2666
1583
2117
9056
5442
8679
1870
8774
1479
5370
1439
4732
5900
3567
1471
3992
1
4013
7487
4478
4117
9952
6119
2560
8363
9541
1319
5445
4445
9558
7985
8426
9665
6483
5634
9446
5763
4982
6398
6805
7430
4234
4171
2114
8317
7767
9925
1208
4162
2898
2776
3472
5275
778
8836
2737
9631
6660
4808
2651
7787
9959
2632
2785
262
6417
8105
4143
5877
4134
7434
8683
8656
7329
3319
8033
4730
872
3298
6675
9316
7640
2245
2281
8952
9615
8166
3992
2687
8017
1861
739
9422
5478
3031
3486
7693
1353
9332
3624
154
7120
9323
25
6318
7380
9284
9125
5061
5087
7045
6954
4188
4065
8341
5806
8198
626
4345
4259
9452
1885
4716
7905
5308
3760
8019
4367
4921
3929
5583
1080
7782
7736
320
7567
7459
2222
9753
5347
4926
9866
5575
1286
8126
9770
6890
976
4577
1196
4183
9739
9540
7335
3436
3189
46
866
6002
1916
8141
1736
9590
4071
4956
4430
5652
9390
1884
103
2782
6195
9089
3099
415
6539
5720
3968
5114
3687
100
8749
6341
2409
5659
4321
1324
4274
987
8486
1307
5648
8965
1358
598
4421
5463
3638
4211
3575
4690
6267
9339
6389
5144
1760
5533
4716
1635
2026
971
1496
9377
2575
6202
2394
3240
2013
5658
892
2555
9710
7078
4255
4844
3718
7584
6805
9490
2860
6680
1972
2691
8257
8680
3319
2187
7243
5341
8677
7693
2549
2082
9016
6940
9108
5279
3472
923
3054
2810
6933
822
549
7019
2295
1411
3048
6532
6950
8372
6608
9164
9153
6787
5746
9970
8260
6188
163
5552
9337
9091
7771
6763
7687
7239
7278
1791
7758
3405
2042
6050
2770
5063
6487
437
5889
1201
1769
3050
5289
2468
9944
6081
6188
96
7207
3209
142
57
6628
6428
4307
2862
1696
1418
2564
8732
9503
8230
287
8383
8861
8509
8151
5241
450
1531
4634
6149
9000
7182
8859
373
3506
6708
9904
6922
7588
7768
9067
7478
3946
5634
4789
9802
6356
35
1626
9269
6564
2533
9543
9883
1617
989
1281
9421
431
8737
2535
9708
367
7855
9735
3409
2899
2549
1278
8279
9302
5621
7762
2501
1060
2701
9296
9989
6100
3271
6398
177
3212
2443
3271
7346
7678
4155
2790
7410
3635
8322
7297
7640
4968
1405
9837
2524
2010
7866
7154
8249
6669
1111
2795
459
7339
6049
7001
5016
1379
9936
496
1654
8754
7280
8086
2176
6756
8496
4518
3242
5156
202
9723
295
4721
8163
4139
8336
1492
2899
4326
6109
2592
5421
6961
2495
9607
2680
8696
299
6743
1013
6263
6848
7861
8296
4363
7308
4247
1132
238
4967
1830
5840
6081
2483
4099
8212
3787
1403
7927
3781
8036
5468
1928
1875
7101
6004
6181
8581
5516
9763
7538
7454
2832
4003
3330
6159
2762
208
2019
400
7684
5149
8450
5127
4888
7278
7938
602
8682
7810
3832
3767
5279
5160
6001
861
6631
1925
211
6105
4983
6294
5140
2650
1999
265
3970
1912
8199
7826
8666
496
6809
7104
1599
5063
7740
6051
6097
8018
5380
3899
526
2517
6832
3609
295
7150
5086
2278
324
2845
5891
5664
9809
8690
4455
7345
9035
2610
9757
363
143
1755
9656
175
5283
9872
1319
281
9732
9686
3666
4939
8299
5643
9500
6035
343
646
8625
3748
7041
5636
4328
6987
6679
7296
5176
6398
7209
1505
504
5916
179
9913
770
4281
4742
1822
3464
4195
6563
5735
8151
6772
8641
1990
8439
1896
7261
6027
6185
3375
7577
3865
7960
1557
160
6700
5664
8009
4878
1852
3250
6101
1059
5306
4612
7022
5308
9971
3635
8888
5605
6269
8541
19
271
4723
6178
5162
7955
5800
3081
9237
2108
9807
2823
5771
6089
1039
6413
1670
1110
9849
5899
7150
4964
8912
7049
5171
3470
2051
4209
6499
9533
9719
3066
4817
6138
145
4168
8076
7423
5776
5929
7031
2723
9613
7297
8898
5803
1377
7309
4405
4860
1985
1975
3072
3832
1834
1679
1458
3556
1838
8341
3418
7860
9442
3535
4087
5286
1399
9653
6655
3572
7991
8536
4318
8453
3495
5054
6597
2003
37
9631
525
552
2914
3981
754
3001
2441
6718
9757
9580
4268
6480
3530
4523
3631
2450
5970
5714
7748
2914
3211
8442
934
3445
6637
537
8726
1175
8707
2510
9004
4601
2126
8833
5552
6228
8506
5534
3696
6705
8026
2691
8181
2696
2958
8157
1602
980
3710
4535
3042
1207
1407
5182
5862
6307
2355
8380
5339
4499
3064
4438
5162
9234
213
4616
5736
8353
3008
9243
1662
7236
725
3013
4675
7510
3470
1368
6616
4089
1477
9915
9783
4938
2921
6043
8256
2162
9110
3576
1144
4497
358
6259
110
1964
8428
9519
1855
8593
7548
5483
1777
4211
3300
8953
7391
4046
6294
8388
8331
3570
8704
8168
3723
533
3424
7203
1049
3986
1709
4337
509
1163
9055
2741
5234
2344
9573
8842
8739
6094
2193
9558
1961
6404
5351
4412
5173
9040
7062
2803
9622
2565
4680
8304
3788
8285
7715
2437
7030
976
8907
5050
7057
8050
832
6404
1046
2670
1780
7842
8675
23
1425
9662
5660
1179
980
5638
2344
9908
9782
2297
8720
1215
1674
9573
370
8466
7689
2270
4662
5080
4061
4855
6903
9682
5527
5371
5050
4758
2596
5787
8064
6637
5379
1748
6046
8139
8116
8136
5379
5584
7626
7002
3270
2721
5352
4023
5708
1635
8395
2255
1725
207
9285
1366
9830
6447
7955
5300
5221
23
9744
1166
8750
5025
7165
7254
5036
8067
9606
3504
3178
9609
2747
6212
5388
8374
8827
3133
6955
5059
6631
6725
8837
4009
6431
2326
214
8172
5607
2306
9560
8728
1680
9582
8514
5704
2436
5956
739
887
3803
358
5886
8353
9387
8145
8644
1924
781
6506
5930
1944
71
5715
8926
5069
8615
7010
3731
4379
3039
3497
5891
3903
4053
2795
3796
9752
3458
5999
4327
2450
2104
8707
2705
8545
9822
4039
8196
6154
737
8658
4816
9235
5702
7928
4149
6686
7203
9883
3517
2954
6923
3602
4186
2286
3485
6636
5107
4322
5914
1220
6691
28
3224
1941
422
4747
4108
4209
9618
5544
8108
2492
9596
1467
7419
7654
1200
2844
7181
472
2408
2246
6139
1661
7266
7484
4030
8202
8984
4093
519
9954
6406
1265
7974
908
7971
8880
796
9227
1954
7630
7615
4384
9443
8870
8615
977
9163
5369
2602
4715
3266
6188
5762
6257
1304
4740
9881
5442
1558
2622
6277
9266
2079
8581
9687
5595
1421
9685
7118
4440
5943
2889
3880
2126
1702
3382
9618
6232
9578
4059
114
3591
7825
6871
9908
5912
8515
4717
7215
63
2197
710
417
6065
7076
7829
531
4587
1488
5032
5260
1771
4599
4407
7772
7236
1734
3821
9824
6966
5533
5067
5020
2939
7941
1808
1415
5076
8269
3974
431
6346
9532
2231
8402
4438
5412
7303
4863
2134
4188
6610
5162
3765
4357
2537
2221
8749
1589
6515
9290
7795
4034
5195
8650
4097
6442
2670
7160
2840
1486
6115
7233
2193
5421
9420
24
8268
3245
5016
1389
9458
6973
7464
4472
319
7208
1793
5189
2451
1392
8325
9626
3063
5250
2569
7193
9240
2831
6547
8038
5076
2663
6113
248
420
2660
4533
193
7353
2616
9865
5122
2887
1537
833
4739
9038
7211
5974
8857
7292
6023
7580
6214
1905
429
7556
9682
7257
1535
8986
3505
6067
266
2850
8887
6876
3860
7457
407
5568
9712
5663
3247
3788
1804
9392
5062
5805
9868
5511
3529
1533
489
633
2176
9852
5898
8675
3905
6486
3137
3567
1580
8964
7231
4056
6641
9878
5942
7522
1385
7131
1057
4171
7537
8548
5655
6078
4122
3597
3716
4143
9130
9619
1381
3890
9353
5269
5453
6895
7163
7194
8153
3558
7212
4643
4424
8081
1566
8650
1781
6952
2085
307
718
5889
2064
2807
5056
2878
8599
6918
466
6718
1398
6337
1325
4190
2895
6655
6664
7080
1710
3076
8901
1177
5824
4006
2830
8359
1433
6298
8542
1756
3095
585
3250
7391
7152
4673
3964
7968
9677
132
592
8782
3247
8453
5513
8692
5319
153
2339
4291
440
6523
6655
5403
7381
6227
9799
4427
9882
7480
1781
6413
5355
7478
6596
4275
2157
9723
3052
6479
833
1446
7475
6709
7577
1484
8766
5259
3096
5778
6982
7538
7252
4568
117
7697
7005
5046
3216
5624
1287
4136
8718
1680
1077
7843
9654
1732
4212
3916
2997
9349
1270
1856
223
198
2002
6100
6835
7256
8097
6008
2720
9160
3345
2918
1051
2738
2582
2099
527
5158
445
7786
2640
513
8928
8520
858
1802
2834
9664
9990
1474
9254
4053
7509
2871
2903
1832
8244
3950
4017
4461
5924
6266
9283
2532
5050
1387
6762
3675
9218
1682
8505
4486
8934
2797
4347
4905
3602
2859
5896
1673
3324
392
1679
9835
2229
6303
4318
6077
4964
4517
7369
5577
2196
2426
9443
5653
1324
4636
9181
3728
6444
2889
8053
9599
9811
9262
3637
9415
4825
2259
9023
6242
903
6137
8655
5306
4731
8927
2129
1501
4719
6308
3750
48
7464
3272
3611
4671
5484
9493
5536
26
6905
8767
3652
7658
8483
1763
6135
3448
8569
9054
2316
3562
1131
5147
1064
7540
6090
7003
9586
4131
7511
4544
6221
6670
965
478
2053
7713
9458
9103
4428
2240
3093
910
161
5292
8816
5490
4458
2472
4577
8795
3453
7793
278
7509
8839
3916
9640
3191
8099
7971
9457
8727
5729
4538
9725
9379
7421
1660
3823
8315
9975
4247
9462
9911
4349
8953
894
5872
4516
9211
1863
8399
8400
4742
7603
6097
8681
2638
5021
4458
2911
5415
3018
9112
9323
2736
9537
6324
7198
3265
8666
1339
5721
8369
1143
6061
4292
8433
196
2017
4070
3194
4359
944
4981
9481
1625
9042
9254
4840
9398
2191
9143
3402
8053
7728
2283
8232
6064
461
6225
645
6036
3474
2955
2756
9814
1665
9912
9225
2104
4076
8123
6252
968
1326
9744
9406
2798
9491
442
325
4134
6251
5438
3200
1133
9476
5097
7719
3821
2313
9456
9920
8205
9527
6002
1780
8711
4513
9129
6342
9526
64
7175
6528
437
4567
911
9392
1635
73
8701
5685
4616
5547
7721
1039
8141
4522
819
3357
4183
5405
4022
4102
9975
3081
6526
8492
6962
5113
276
2674
4480
3383
5545
7356
8173
103
4636
3477
7058
2205
8626
8491
931
5790
528
8352
6482
5092
6201
306
6387
5771
5836
1736
2457
2151
2078
3322
3064
9400
7458
5275
2504
8721
9606
2503
2200
3328
1945
8628
2065
6855
6598
7111
9536
8370
9831
703
4331
4643
6442
6781
4910
5882
1181
2395
629
8141
2074
546
3069
9813
7271
9710
2685
7571
6584
587
1358
3393
7618
8571
706
5846
9285
4435
1164
5332
7464
1429
8984
638
7235
2959
8170
7243
9332
4865
2643
6875
960
9895
3887
9690
648
966
9144
9979
7102
2629
5872
2019
2199
7255
4818
5404
671
9387
4345
4120
7322
3180
1167
5892
5831
1037
9293
6611
138
8177
9380
9108
965
4566
5334
4665
6628
5961
3536
4521
9351
9849
7708
3730
8112
1303
7463
2682
4254
4498
6233
9770
2093
935
7874
1642
5079
6303
7416
598
4023
8257
5766
6932
8031
7918
4053
7667
7136
433
5771
3741
7798
8918
4680
8978
3214
7775
2895
9149
5914
2644
2278
7951
7153
8021
4972
1354
8642
2873
7238
9594
3422
6646
2625
3981
3488
4394
779
6317
8605
3923
6036
9685
2739
3439
4346
8693
5215
7396
7536
5284
1954
8469
8905
1951
6070
2031
9423
4885
4587
2615
469
6815
9854
5917
8627
2305
8139
215
2734
9326
3516
9136
5830
3004
9779
1209
8112
629
7073
5540
3176
563
2136
6814
8257
4020
3565
1012
4500
7193
443
1969
1223
996
8133
2251
4426
3641
8556
4773
9344
1259
5254
9669
2456
6502
7993
6922
9743
6080
5106
1925
3332
5547
322
3678
565
7410
9799
1699
7866
9276
9862
2235
6251
7457
9738
997
5544
1367
1463
8554
8488
7096
8568
2925
1738
9788
6947
9582
4085
6209
549
5604
1832
5717
9831
5265
5053
7899
4253
4287
482
3655
1822
3951
6162
2003
6267
5562
669
7935
350
6373
4209
2994
7661
2468
670
4338
7791
1829
3420
6314
5973
6804
1326
2321
5606
2790
611
8745
4773
7311
8670
1011
89
2874
7975
4006
7728
9279
5751
43
4464
8218
5741
3617
5575
8295
1523
1551
9962
1819
2961
1078
8374
4067
1568
5761
8658
5672
5317
4823
2385
6100
4268
1648
6857
6806
8648
6917
1210
7672
5091
5465
4649
6185
1516
4289
119
286
8333
6883
4431
2691
3975
5301
6361
3335
76
2736
5150
4509
8950
6965
1267
2722
6072
2145
8513
4807
6700
7957
6265
9876
3418
5757
6968
7167
7735
5694
1885
3399
5925
3742
7645
6753
654
8067
4788
7236
3647
7022
6688
2722
7590
6558
473
2153
454
2515
6678
5113
1287
640
1735
3980
2220
1691
7762
3780
4072
5273
463
8184
1037
1020
1226
4814
5406
5621
2404
8470
7630
2921
9569
5836
5531
3580
524
516
9730
7761
4887
6799
9664
4606
7433
735
2744
6450
9735
8604
5312
7921
8932
603
4099
2824
5615
6196
9255
936
1558
952
8518
9110
3355
2364
9560
4113
7146
2785
7839
9361
253
9850
720
3385
2659
606
7858
3184
8398
3713
7678
149
2229
1785
5272
2928
7300
4690
9591
3056
5237
8582
4001
555
8920
8314
7319
4233
154
9029
8884
7128
4594
4674
1525
7607
8202
6248
1366
1143
2774
4300
2159
6783
7328
1671
3020
8977
2155
5188
7047
2337
6156
3922
3384
2988
4233
7604
8534
7984
6266
123
2190
3157
6721
7867
4249
460
2230
1553
3251
1551
2150
7607
8226
3285
5921
2314
6437
4936
4522
8709
9235
3027
5633
2348
6272
6809
2570
2583
8748
6336
4308
2290
2381
6134
956
3872
2851
5067
7219
8288
3145
183
3843
7304
3457
4138
274
7232
6282
8976
6998
2416
4389
4972
8541
430
9445
7866
7372
1823
3467
3175
7090
9736
7054
3139
3870
5364
167
6841
770
1739
4341
781
7815
7496
4643
9011
3473
2068
7624
8240
1374
6948
9421
9431
8325
4379
5535
910
1987
2330
2370
8247
1079
6118
544
9661
4495
8149
134
3953
9909
4756
6033
8104
6903
9730
3421
2537
2033
9653
3641
1196
4881
5214
3869
774
2722
5969
9607
1283
6851
7958
9902
2531
1364
8719
4225
7371
7381
6147
6401
3857
3307
4308
8246
6716
8499
5605
444
1092
3982
4200
7493
1774
4052
952
1482
2294
8948
1763
2135
2231
9675
4382
6720
9202
6071
6834
8570
6313
7254
4150
7654
651
9720
7528
5009
6964
8320
1011
8410
5330
5794
209
4277
4031
5269
5518
7413
8690
8009
4414
6661
8586
8179
4902
2134
2984
5502
6408
1458
828
7009
1720
9902
2541
7289
9197
9126
4534
2396
1365
8989
517
3705
8056
7823
9680
1557
7377
1173
9709
1446
4033
2466
389
735
6028
3866
504
1016
9659
1779
662
49
264
3039
4438
1218
1936
878
8275
8702
3379
3247
7522
3088
3189
1880
7515
2822
7960
8450
1555
3950
1350
4380
3954
2786
1442
8015
2265
2144
1247
4956
9357
4596
5078
9750
3410
2909
3543
9122
4841
5124
8601
5956
9142
6249
8806
7224
8945
9102
4545
7297
232
4091
9857
9760
3957
5193
660
4976
3452
2882
7284
4562
2423
4491
5649
6829
1128
1188
251
7669
2961
3559
2419
3394
9259
2873
8590
4526
1885
3732
1653
246
4023
6040
6790
5839
8650
8958
4678
4491
7454
4632
3806
8301
2215
5794
945
7479
2404
2048
7156
1922
8856
1429
2684
2594
851
2430
6457
697
9972
897
4077
7278
7913
5657
8217
2097
6101
8330
9562
4484
6056
2351
8412
3317
1008
4687
8938
4940
7777
9418
2390
494
7745
4998
5938
1126
2229
2170
685
3146
3377
2807
5980
3613
7139
2677
9716
6518
2188
1081
562
7952
5864
4110
1338
1559
1567
6066
8352
9250
7292
4137
8466
2769
6797
7668
8956
8053
2123
6290
729
9964
5730
5860
4069
2699
6999
2661
360
9818
6672
5306
3075
6883
9749
7381
2947
8783
8084
8047
9573
2397
7547
2106
2777
4968
9564
363
3290
2166
8686
6088
1663
8022
7538
5353
78
9693
1799
1014
8500
4931
2892
7985
6003
4229
499
616
6341
5761
4883
104
7478
3869
8849
7107
7694
797
8613
2293
2966
9248
9510
6967
2377
8860
3255
259
9492
2577
1419
2167
6808
1233
9071
1651
6856
8587
8410
9676
4999
4515
3055
6050
7737
5950
7500
4954
3069
8443
9659
4873
9784
3082
5543
1834
7097
632
4872
9795
3088
2133
5642
4061
9914
5880
2153
3409
6810
2323
7556
1412
9102
4300
9179
9848
5621
500
4176
168
8336
6739
6828
2792
4722
101
8191
8095
7127
7830
4817
6802
5521
5512
3955
5636
5916
180
6504
4208
9661
8106
3841
9176
3607
1522
7932
3825
5542
3335
379
5344
9163
9570
2450
402
6157
6702
309
2129
7280
4616
1857
1855
5939
8653
4195
9625
5077
5244
5131
3412
3175
3183
656
3007
1507
6188
6514
803
5263
70
188
298
1558
5408
2808
5242
2027
3423
3919
4133
90
549
2006
8502
7790
2026
1260
4034
7508
504
6843
7448
2981
6682
627
6075
5600
3358
5111
5381
3571
1441
3331
9891
8371
2638
850
5813
9600
5047
8275
5831
1473
4233
4576
3808
7139
5509
1145
8639
2930
2302
9473
7773
4531
6808
7418
2862
7582
7607
2693
3450
7729
672
8936
4870
7541
24
8391
5411
4868
5687
3580
5309
3088
718
8923
5466
5859
9815
1808
458
6977
8079
5495
1044
4373
7535
7941
5450
8916
9537
1020
5483
63
28
4144
8928
6291
4034
2832
2361
3082
4894
2905
4730
9386
8705
1739
2026
1179
1373
8276
9640
9570
7907
2635
2938
4883
4415
5699
9408
3903
5012
2900
4806
1115
8042
4473
2605
12
8077
9052
8469
5375
7975
2976
7327
8123
1779
1797
4303
1176
5143
9981
4316
6609
7591
5799
3875
469
4192
2385
213
710
8611
5123
4746
7308
8664
120
2829
1974
6436
2287
5248
6527
1638
1017
796
958
1617
8471
1776
9865
574
3706
1561
2650
7739
3984
7887
5367
0
7076
6843
5687
69
9180
7822
1934
1888
8336
5269
5293
5505
6473
1306
7748
616
7229
2925
6720
615
3402
446
6075
5797
9548
4878
5522
2254
6363
2823
6929
8508
6422
5889
8375
1439
4498
1653
8522
7360
4174
8802
5719
813
52
5642
9516
6085
4104
9588
5547
7
7024
4625
1935
1431
1693
5906
5470
629
9813
6141
2961
1279
4022
9607
2748
7219
2695
3093
739
1918
7334
9556
3449
3786
6167
6415
8359
9668
6271
8212
5704
2810
2533
9868
4044
5863
7620
7764
2998
5062
8074
6639
1305
8068
7832
2336
1313
890
2989
8580
1159
5516
5994
4907
5465
771
1386
8857
1238
4928
9053
5488
7243
5780
7182
2300
4260
6118
6416
759
5548
584
6665
2565
4269
6791
8924
7324
8958
1988
2428
6737
9305
1070
1335
1086
8555
9654
3430
3277
2011
616
4311
5439
8838
8359
8561
8014
7501
4216
1505
2956
5039
4033
2660
5958
7743
1898
9361
9758
1818
3090
7006
2882
3642
3777
5845
9151
128
6562
6063
7590
895
1999
1770
6048
5278
9254
4968
7477
4838
8058
2989
8508
2086
7412
7288
916
3008
3744
1410
6974
3745
6262
818
4701
718
6788
5524
753
6472
7727
7584
5624
4634
5797
3020
4881
4616
5989
8611
8146
360
6996
4965
8980
6769
7929
9559
3783
9706
3408
6965
8112
8858
6983
3162
6302
8523
2839
8041
7966
6933
8485
14
9957
5638
1056
4522
7080
4889
1800
3975
9651
4130
1649
1107
5388
4696
9976
3021
4023
9335
8216
5060
5536
9255
2130
5555
493
9940
5480
4791
8578
646
1451
9147
2682
9391
2552
7620
6382
4811
3340
5498
1496
274
7323
9532
9988
9921
2719
5695
8885
4525
566
1755
7588
6941
3277
5594
1304
3962
6530
1349
1925
568
6450
1261
3954
8665
7961
780
8507
5414
1409
9617
9308
1164
6277
7287
7982
709
986
5290
4724
9626
7457
270
3383
1993
8379
4285
8266
2668
1777
9382
6958
4352
9901
3942
8734
7077
2956
1288
3540
1043
56
1523
4380
8895
2232
9537
1945
2148
9319
54
1826
4115
3303
8096
2476
49
1994
2365
6312
5677
750
5859
837
9302
2150
2485
1035
3777
5770
2414
3635
5623
2231
1680
2860
6082
5098
4044
3991
6215
402
6772
1579
274
231
6509
9223
8765
3120
7631
4217
7127
8249
4827
7618
2020
6703
5798
9904
5609
8593
2186
8636
3178
268
4105
1743
8573
1164
6818
4185
9763
3430
5764
6056
6142
8140
3539
8262
6832
1265
1566
7580
1504
1816
1076
2845
752
2002
2495
8273
7948
7062
1163
1619
3036
1073
6274
5598
7468
7837
8756
1030
2142
3602
5188
7507
7325
7907
7479
6586
612
3661
8060
9246
1703
8035
5285
5006
5952
6986
8646
8177
1645
5813
4766
5591
9575
1227
6486
5490
1687
6285
1282
2497
5031
1264
1275
7315
1354
2217
4620
6719
5758
9346
8951
7526
7018
4461
5093
2900
2465
548
6795
3147
321
2114
1653
5797
185
9253
1765
4317
5832
5107
6223
8343
4360
2483
1090
6722
3643
7090
9994
9999
7535
3597
4131
5094
6883
1470
3618
7701
2104
3712
159
3727
7773
1745
7737
6123
8570
2402
4299
3278
1520
6511
8993
3769
4450
2486
7995
4874
1374
2384
6647
1777
7220
5712
638
275
7796
6792
7150
7403
2143
4329
1056
2337
9256
2459
5959
4935
5162
1389
7343
3654
5402
5667
4147
7891
9627
4862
2877
2147
6547
9492
4684
4844
2578
9293
9517
4704
1664
1816
1353
581
5575
4774
466
3400
2900
9404
3068
397
5343
6418
2890
527
3883
9058
7196
3543
6982
8228
3764
4037
6168
4761
6403
9085
7175
4008
5221
2001
5967
1681
7733
1452
1606
7585
6150
3127
5778
283
1085
2786
2334
2511
4497
9941
7751
4125
9074
9453
133
7577
3358
4653
8065
9031
9325
6917
5320
8207
9251
4982
1028
6339
8612
8547
3308
7309
2694
8574
675
8159
6550
7648
3555
4776
4029
7989
7056
4394
2261
801
5998
8493
346
7523
617
8294
1790
6327
3997
56
3087
934
1546
5102
9128
4708
4720
9515
3921
4495
9400
5071
3673
9191
1673
9440
4643
4150
1278
5888
7412
8337
692
6037
2464
6011
8106
1837
2927
4300
424
7382
2135
7295
1426
2182
981
5295
1578
6807
3699
9181
2178
67
6356
1286
6664
5404
8772
5757
5432
9020
2698
7534
3847
5719
5975
4578
5371
5539
1155
4018
8741
5734
8665
1081
7758
1685
2129
2026
4732
7677
5598
6220
2803
997
7335
3014
9617
6670
3700
8852
4700
5017
5836
8171
3129
7477
1801
3671
2703
3214
6771
4907
3429
1915
7137
5486
3494
5156
9301
8269
5321
9130
1229
6037
2031
1284
518
3981
6183
7443
2949
4518
2840
4877
9107
9353
3936
5562
3767
7906
8955
8233
3073
8909
2920
362
9603
8856
2510
5655
3221
251
6668
8621
8509
2272
2112
2344
742
6629
6086
1926
2013
2667
3441
7950
3
8763
4691
6825
2900
9254
7045
1022
5101
6058
9158
4673
5647
1122
1210
2216
987
8370
1450
5444
9401
9317
2033
4216
9951
9392
3933
1892
4493
1579
7405
901
8415
7074
8684
9225
4426
1848
4162
373
2293
3846
5684
129
3478
8019
1424
8395
8978
79
1281
4675
5709
4383
1436
4276
7264
4396
9819
3558
154
313
9736
1208
7260
5508
144
9026
2700
7791
331
7099
3078
1868
7652
8928
3416
7051
6628
5795
7526
6128
195
6250
2193
6426
9859
3100
6849
1702
6132
5463
9061
5490
3648
1509
3981
2872
1461
4396
1268
4557
2466
6100
8297
5641
2529
1782
1437
7242
8082
6001
152
6226
4071
6594
5000
7443
1123
3794
3989
3761
1999
7029
8705
4763
2114
9878
7655
4949
5718
7213
5187
7439
7871
7267
9487
4345
7038
8223
5119
3575
5651
5348
3779
5880
6116
781
149
4935
9020
9552
6794
9659
1185
6757
6141
6533
1818
1231
7237
924
3606
5275
9546
5244
1348
9390
313
3704
4780
816
6122
5198
6114
5918
9175
6993
9372
7250
574
7827
4324
7133
1509
6041
6054
8932
5275
3111
255
4085
824
5403
1346
3808
8096
9656
4718
6132
2376
344
2555
2390
747
6475
746
1540
5332
8548
5272
3334
1854
4914
7713
7198
5915
5964
6862
8902
9148
7970
5519
2264
2534
5583
5139
2281
4850
7576
6694
9631
3574
1295
4918
9637
6250
4739
7156
3262
6535
9974
7073
899
1096
8647
6464
1934
8480
4137
2501
7937
3066
752
2171
7336
2833
8063
4465
999
89
4451
5463
3708
7608
2805
6336
2951
6796
3333
4423
4415
3344
1361
8251
8202
8046
1720
8922
7083
2067
2531
9313
9111
8130
9907
3345
2495
5414
3
7318
8994
6903
18
6737
2550
3099
7539
8364
3733
9001
4603
7391
3003
8433
3918
1168
6733
7968
9007
6270
1264
6943
1018
6450
1105
2350
624
9994
3138
753
5323
6721
2765
8398
9633
6938
3601
3266
7854
885
6836
347
8166
724
6636
5270
2946
9636
473
0
5239
6676
8922
6164
8659
8239
3616
2178
5006
4216
1827
7305
4171
4581
1712
2417
1536
5396
243
9028
6375
6506
7248
2579
4821
2123
9666
7331
9988
3094
9359
2180
2932
778
3490
4586
6502
2302
9308
8097
772
5140
6716
7206
6343
7907
2266
5056
1590
5702
4091
9142
8051
877
6241
9332
3289
3156
438
3100
9656
6578
2975
7027
1452
902
8808
3494
4268
1148
1696
7673
46
4542
8972
1778
7994
6958
859
896
2072
6360
4115
7012
3029
2939
4980
620
7197
4628
3972
6507
4545
4738
5741
575
9557
5144
8591
2368
5591
5999
6625
3464
3444
1802
3653
6160
6593
5766
3730
6854
5483
9523
2935
6969
8564
6781
6812
6462
2732
4177
729
1775
514
5961
1819
9022
2610
299
614
6286
96
8680
2617
6224
3938
1545
3612
184
2706
3227
4998
2253
9191
6569
9659
8013
4195
7724
4572
9210
4096
6258
9161
469
5158
5156
2300
1469
826
7789
1418
8002
7562
3899
9433
1889
9564
6578
1748
6253
2189
72
6453
5742
7244
1773
7228
1926
8113
1115
9804
2872
5320
2977
5706
5122
9384
2034
2122
9789
4631
3811
8945
8112
4313
1156
7648
8466
3743
6761
4128
204
584
1030
8857
301
1935
6630
1412
9634
4353
8868
7288
4669
4467
2996
3172
3967
4333
9128
2781
6448
7519
3589
7866
7746
910
6245
8900
9646
8761
8568
9802
6736
6070
5813
4673
0
8224
2766
2949
5175
3910
857
7956
3285
8236
4821
1968
101
6522
4518
2332
7299
2807
120
682
3361
5014
7000
4699
7534
3622
8420
5295
8111
8648
3417
1806
2389
9773
1202
5433
4973
8258
8102
8191
1804
6008
8944
7268
2546
3212
8330
9031
3699
7877
1049
430
8961
7989
8346
1299
9947
459
2392
5802
1728
312
4970
1429
4798
4901
4007
6845
5503
1682
5990
3199
1656
5356
6819
2837
7992
4923
6378
93
4702
3383
2498
9168
2577
5617
6199
6959
3004
8848
4013
4000
7462
7155
1252
7105
9800
7389
3880
6845
5184
6034
4376
8932
5857
5649
5170
3753
2500
2208
8665
874
6708
2408
7777
5608
4201
92
4976
6041
7800
823
1672
3699
5222
2158
3083
7212
2132
3665
5353
3668
7115
7224
4216
8068
8647
9871
647
1454
7703
9858
706
2105
734
4008
604
6679
6395
7497
8573
7672
6381
285
1168
2189
2293
5606
697
9160
7235
538
9587
8648
3581
6884
9487
1309
7665
3739
903
4456
4805
8882
1585
3515
8524
8349
8890
2539
4701
3028
3864
4758
6418
9085
1900
4973
5200
2954
1963
2887
1241
9305
5892
7123
9260
9798
8291
2467
649
7084
1415
7872
9263
5360
2960
9848
2738
6245
4114
911
2097
6320
8467
7556
6264
9345
3881
1650
279
5700
6847
9383
3368
2852
8520
4798
7263
4334
7403
204
2229
349
80
5356
1687
6559
9117
6475
7075
3232
186
558
8934
7747
2389
6250
9775
324
4068
7419
939
7563
3167
1724
3301
4247
952
4809
644
5708
9502
8186
640
4733
9446
7698
2378
7943
9061
8507
6142
489
8977
842
3096
5900
9630
6198
9373
1520
6
2495
7144
8271
8899
4674
1259
3993
1935
4847
6755
7346
6514
8071
3732
6079
2672
5996
8548
9904
9642
1927
7425
8137
3169
7982
8395
3894
7691
8663
6705
2738
6307
3621
2667
4520
5170
3258
4924
3672
8519
1465
2441
764
1911
7962
7066
9169
5765
3644
6836
5383
8571
9317
3016
8621
4424
1985
6418
7915
849
8534
9097
7969
1668
252
5361
2070
5021
8827
126
7685
8102
9041
1020
2471
9892
173
1011
2533
6780
8573
1463
8002
6306
2704
9101
1396
1599
8138
8467
297
3221
5656
1449
2710
901
8522
4408
5302
3165
7623
5160
7051
5317
4845
394
7233
3537
135
9150
1212
501
7551
5519
4898
1858
8341
7090
9855
3692
5633
176
4539
5577
5025
4217
7823
5339
5279
8424
9489
1984
6546
228
6197
9304
6331
3719
9426
8756
4622
5666
6800
7659
9653
5727
6547
2655
483
644
8466
978
755
5137
6219
7924
4115
8694
7624
7160
7745
8097
27
8835
4947
1298
5557
7679
9113
2294
6160
8291
8662
4845
6799
9599
9636
3582
2077
2051
3563
2171
6776
9801
7500
8755
4776
5260
7991
2993
6672
2104
4314
9686
5183
2032
2543
2330
9889
9026
3943
8069
2016
6120
2070
7683
8542
4272
4798
3495
6467
111
9341
328
2251
8488
4610
2476
9825
8316
5867
8570
7556
9349
991
9810
5783
4
3071
8962
5630
724
4093
3462
6624
9463
53
7082
8374
910
2818
5936
2150
8815
8922
5139
6733
9662
3580
6891
4004
2059
5458
3113
3055
7600
6801
15
1949
1586
8949
5968
2623
2049
2006
18
4940
7956
2358
7999
7570
618
9061
1109
3013
225
2995
6251
6355
3398
1999
4113
8216
4294
6612
2916
1465
5113
8068
2649
3266
7026
3562
3733
9759
9377
9605
9765
3599
9352
2174
6174
9993
4294
7511
876
1217
9378
3697
9909
5853
2
3248
7174
2318
9088
9502
1317
4924
1337
606
808
2734
3657
3465
6611
9016
8537
4336
8647
4573
221
6526
3980
8921
1062
3916
9040
1801
8769
9299
6898
7709
7162
8304
3801
3596
6755
9650
9063
2271
1395
4292
7443
6331
5817
2812
8950
9112
1996
5932
796
3826
2899
248
8371
3181
6487
3639
953
7669
1084
4540
3519
5688
4563
1740
1813
9614
7592
9957
4280
2754
1108
8496
6387
4195
1006
949
836
2146
5066
1847
2426
5905
5563
8990
9978
5969
1803
7895
3666
5884
5689
9784
307
9680
9357
3077
3509
4523
7856
6041
8389
737
2707
3424
5768
8487
868
7912
6111
4178
5858
3700
4115
5975
6100
2272
5963
1895
2419
8812
2140
5425
114
9028
3765
9539
168
5554
290
2998
7044
6425
6226
8023
2161
3698
7952
7495
7336
2796
8739
3108
1023
8878
8690
8870
5883
487
4815
3203
6067
6609
6005
5170
7186
7535
9094
235
4397
8385
902
6541
2023
633
7803
7170
3672
9697
503
431
5182
5727
6046
2939
6330
9890
2890
9903
7325
3803
9212
5281
3471
3728
3474
6577
4189
1068
9454
9237
6226
471
2058
1728
4623
2923
6427
7830
4987
3297
7204
7692
4910
817
9250
7504
3012
7821
1114
4061
5661
3933
5724
1637
1110
6771
6868
3359
4443
6596
1624
4117
7626
38
9442
1125
2830
2075
1689
3285
7439
9521
1163
6403
688
5396
8390
4887
1122
3
2147
8827
4800
4586
8763
2490
803
4806
6377
9093
3581
3532
9265
9168
4969
5731
5413
6925
852
5430
6671
8631
4643
4727
7994
5466
1571
8642
5931
2684
3259
3148
4443
2438
2506
1527
2746
8211
2476
8516
8967
8581
3402
2133
6109
8707
5112
4708
8168
780
9544
70
7844
7006
5922
1502
3224
8335
7258
8346
6925
3658
689
3944
4402
7646
4550
9967
8507
987
2677
7284
909
7151
9078
4584
4309
756
5706
2201
7898
4206
4616
4226
4593
5316
548
4702
6558
4207
7934
339
1073
8999
9855
503
8875
3349
3575
5075
71
4578
863
2807
7619
6947
2557
4314
6238
3893
969
2386
6263
9202
7380
3086
4960
4470
5914
3399
3596
1271
6491
9846
9201
6593
6943
487
9292
658
3416
1982
3530
4738
1164
5550
634
1151
3139
4776
5762
7706
7073
2088
7473
8942
3258
9437
6395
7243
5955
5860
3319
806
9145
4921
2704
2283
5015
3027
320
8698
8423
0
9508
5283
7592
1454
7308
8732
1510
1847
4046
2399
8380
113
1607
9471
677
69
7343
1442
9467
6887
8732
6298
6270
6724
4174
6141
269
6533
1218
8656
3620
5230
8811
6983
1484
5309
4406
4668
6921
3527
5123
7107
4669
4808
9540
6873
978
8903
8155
9624
6519
8779
1896
443
9774
9419
6389
8489
9782
1382
2499
4051
8803
3078
3042
6699
2413
4373
3324
7465
3224
4635
8936
876
5687
4301
3333
1124
5452
1537
8221
9791
5548
4367
3484
420
1173
146
6006
6335
1624
9278
2360
6786
1314
5651
7019
5041
9940
9452
4620
1073
3445
4988
8756
1292
4532
75
409
3543
5555
8979
6249
9409
2076
2297
4282
755
3277
4605
8862
4162
7823
2383
3807
800
8139
2274
7244
3974
205
5433
4156
8410
271
1780
4996
6846
4036
2438
2391
4965
1341
6829
7556
3352
9198
1438
3665
7190
3642
1031
5369
5126
8330
8849
1543
9346
2374
8711
306
9704
5547
7914
5619
642
8010
3298
9079
9094
624
392
4189
3977
5513
6077
2050
2215
7514
778
4323
4327
4871
6859
8886
3084
6751
8093
1716
9572
5782
7856
289
2277
1077
8492
824
1040
5081
6538
5568
7492
5771
2040
5326
3226
6470
2898
893
1031
3325
1687
9370
5649
5615
3763
5259
7477
8467
7097
4950
3180
6493
1563
702
5867
8913
8014
4242
4872
5818
7523
5729
8628
2775
6446
9627
8730
2673
5154
7876
8356
7636
4575
586
7318
6245
5102
740
1209
7756
8614
9792
5474
2023
7488
7586
9283
6920
2023
1288
617
7117
937
6109
7828
5455
8971
387
4814
3850
3867
4077
8206
8806
7933
4156
9734
6319
4192
7839
4606
57
4691
6208
3704
662
10000
1752
408
1856
9847
5934
199
9002
283
1500
9775
5387
5127
7144
188
1343
8959
9393
7464
7103
675
2144
5330
2107
8206
9544
3453
6482
3490
6255
1658
4655
4247
6495
5187
4894
2057
7769
801
6508
6279
2130
8262
8127
846
7921
1803
5024
2117
5196
2122
6419
4720
7141
1676
8362
6446
9321
2328
3155
2207
9116
9233
9890
5081
7692
813
8286
1082
2987
6789
5482
4709
3072
352
3075
2633
7692
923
8555
2058
3865
1138
8683
5180
8060
5424
9068
1783
5963
9563
6340
5729
2232
9026
3840
8339
8575
2110
8444
2058
3457
5375
6763
1138
7604
3992
2620
1985
6624
9139
7690
9862
1598
7767
2486
1864
9087
5874
2142
7552
8821
7208
2403
7083
8961
8223
7586
2387
2000
3191
6135
5744
6482
3469
2607
4295
1699
1682
7074
3712
8855
7683
6927
1308
7019
9875
4119
1934
6554
3995
5568
7900
4632
3207
8157
9811
4775
8562
967
8491
4447
9359
5246
1690
4006
3954
2866
8474
600
9189
2124
188
8109
9119
4878
377
5222
2041
7425
9249
2199
2142
6400
2227
4461
1522
5750
5934
8619
6993
9376
8503
737
6154
7301
2382
7620
5298
5866
2154
9477
1673
8858
2452
4636
9894
1234
6498
7911
1251
2529
1630
33
6778
8750
2005
6842
1232
9024
3415
8489
2267
6913
4606
5895
9730
4833
4400
3305
4926
5214
9176
2918
4082
7359
2912
7906
3107
282
5119
4069
3007
5850
222
4990
5415
6012
7360
7775
1422
1464
7042
5413
6815
5792
8256
163
6816
3749
5952
3046
5119
9439
2886
2047
3765
8567
4915
625
6746
1418
7437
250
4553
8971
8129
1947
2258
7474
2506
2342
443
5334
9891
6253
1033
7509
9300
876
321
9935
8191
9433
5628
9719
398
178
375
511
4986
2043
6164
9736
2648
9546
7446
9587
7621
4371
7771
8080
2337
2096
5567
1313
9291
5991
1779
536
2136
4541
1296
1917
5050
642
187
3683
899
693
4190
928
7624
3649
3681
3610
5827
654
8025
7295
8785
884
2618
417
4314
2973
9168
403
1202
6387
2195
9500
2853
5478
847
713
5795
9210
1899
5136
1121
1314
2791
723
9241
9274
6458
9918
3730
4850
8882
2233
7023
3906
150
5262
5832
6833
5302
2034
8036
4409
4665
9799
6918
3608
8413
4646
5012
8231
2510
5543
7818
5980
2136
4903
3574
309
6096
9763
3279
8739
4428
2102
9553
9449
4052
6788
1794
7840
3889
5497
8101
2437
4018
6162
7851
4464
3511
566
7468
3215
2722
2228
6309
2045
2175
6798
7614
4267
5430
9693
4441
7849
5286
950
1834
5758
9133
8489
1672
1390
9907
2978
661
9310
9261
9587
6457
1600
328
8676
8249
4907
2086
783
9575
6459
7152
545
869
5704
2444
3134
2256
8761
3838
7132
7607
651
9725
4564
3546
2484
9880
9458
763
5594
2318
953
3191
139
3625
3747
8853
4512
4235
2026
3407
4511
2594
8226
2999
7542
589
3279
1404
400
3715
2244
3162
9081
7423
4746
3316
7429
5843
6356
4754
7256
6385
9210
8
8112
2866
1034
9642
8525
9547
7488
2895
1386
8090
4186
2901
9373
2409
1303
705
2011
6109
4914
1991
5855
2391
1067
4123
5287
6605
2042
8035
2467
3731
8675
5343
7071
2574
8860
4999
570
9909
9454
4198
602
5654
5883
204
5562
2300
9566
9362
1372
5717
6064
4757
5355
8333
8859
9873
3728
9702
7180
1348
4659
7140
7677
5335
8047
4928
7765
9179
5006
2782
1681
4395
4963
6048
2202
6052
927
3379
1504
1774
6155
6753
8539
2860
5336
8577
5660
3275
3257
1743
8008
5762
877
1100
9259
4666
2174
8585
9866
531
6451
104
3893
6052
8210
6375
6144
6582
3760
5636
8378
4101
3668
5348
3595
871
947
9648
5446
434
3979
4061
7982
9726
9892
4467
4877
2557
3706
38
8005
1820
8923
9436
968
8288
1059
9934
8213
5411
6142
6322
2708
8595
2082
2798
380
2264
8533
1056
465
3205
7212
2129
3828
5891
6413
2581
4188
7592
658
1987
1876
3523
1983
5630
9432
106
3625
3051
2808
7733
18
264
2098
9102
9544
9037
3657
1058
8276
9330
851
2396
717
4900
3202
8647
9671
4394
1361
2800
8122
1297
6097
2139
1878
5832
4328
6708
5455
9548
2384
9102
9989
5644
8663
1691
6629
8810
2349
6489
4756
9646
2920
3356
6625
4386
2716
628
2685
122
3953
5255
1362
9076
5258
122
6460
2837
9879
1583
5486
1114
6751
9074
1068
7839
5314
2628
2092
5913
2805
2491
6066
9242
7399
1327
2965
839
1611
1007
6712
9600
1827
1905
5914
9548
5526
4333
9700
1774
2660
512
7169
8848
7699
7376
9638
8439
6583
7150
1446
5834
7205
5908
5441
2753
2030
6731
4666
7100
403
1398
5577
864
4325
5815
6371
4283
7250
1809
1064
2713
6713
2433
5950
7165
4464
8160
7202
6633
4132
3439
9344
9676
499
4903
369
7465
7335
2672
6790
3933
5164
3840
4896
4042
4748
4901
7857
8469
9011
5931
6360
2563
5197
8672
7323
6727
190
4635
1951
5285
1416
9561
9390
6493
6515
700
5008
6948
2152
6689
8595
9146
6785
698
2563
9009
3665
4022
7283
3892
7000
3409
3711
2604
5331
424
2631
1893
6780
8550
1759
946
7052
1269
204
7990
432
4925
2813
7858
8311
1480
2007
924
2636
9882
1664
4514
1401
8493
508
4759
144
4136
5632
8548
8827
6759
6017
7186
6433
8677
7423
5326
4394
5732
5398
8387
3970
3797
6502
1885
5865
969
619
8481
6157
2276
3583
4914
5034
158
371
1594
571
8039
5931
6526
7446
1934
9628
737
500
7675
7063
5592
4137
4546
861
8816
2317
3326
7152
7621
9624
6411
3676
2023
9417
7436
9515
3752
5649
3231
4155
3375
1182
758
2710
6997
5730
9730
3487
5367
405
2565
6732
9078
6358
3171
585
7960
8099
3505
6611
6499
5448
1077
4623
1695
7636
8536
8056
9267
3352
7588
5152
5582
8278
2818
8650
4581
6113
1971
6075
4500
8342
1924
5133
55
187
8861
6262
2900
1987
2730
7375
4839
6480
8521
8947
7704
2367
5311
8547
5669
654
7223
6908
4328
6981
8694
3852
1503
403
5952
1442
5706
6507
8342
1303
9048
7243
8254
1105
8371
6520
1995
7146
546
5900
9399
404
7263
6625
5165
208
9874
1966
9399
7241
2880
9544
2889
4901
7741
4749
7113
6242
7995
3951
8682
6710
1756
8374
1303
3135
4853
2256
9322
7637
5908
1772
9445
6249
7332
2998
1469
8101
7237
5283
9238
6024
4547
6172
4559
1083
1848
8511
7680
3003
3506
888
7957
6483
531
9556
7017
7782
6736
6348
1014
5595
6627
5189
9520
6234
4951
768
5159
8403
9215
6439
5806
5985
8748
1465
2658
6536
1714
9069
8906
5778
3748
9545
485
1037
1143
7870
7708
5932
5494
712
8256
2673
6454
1568
4649
8763
8272
1105
7026
2391
334
965
9325
1860
5896
3877
2870
1994
7861
1612
3071
6339
4030
7854
77
5473
6403
4471
4255
8062
6461
7513
6208
8613
9136
9580
3779
7268
1372
6960
8997
313
4619
5561
8784
1498
5466
2445
9677
3559
8346
5954
8818
9511
9717
5386
7203
7188
1859
4109
7136
2149
9549
5036
905
5425
7827
4585
7434
2672
7893
3480
434
4454
4861
7954
693
9341
2578
7339
2060
2138
9140
1553
9754
1221
974
8882
3320
8051
4814
5167
4456
4719
8946
6551
526
1646
5347
9420
991
397
3853
1756
8805
2397
5669
5298
8238
2433
1592
9823
9262
980
1796
3090
2868
8915
3928
9728
5437
9092
3540
5185
7896
284
9216
6339
3654
831
6508
3213
4200
2650
8212
8773
3506
6237
433
5569
8033
9602
9005
941
2030
6049
4449
9651
9146
6050
4344
3488
3202
3281
2768
8751
4287
7949
5767
4093
7322
7961
7753
5398
4148
6056
1528
5003
1619
9539
5601
732
3263
5315
7664
1202
9602
4771
6557
9060
1032
6525
9095
8141
9777
1618
9674
9020
5406
991
644
2175
7441
84
2112
6380
8309
1332
5603
2820
4657
5929
9647
3988
8454
7006
7349
620
7871
8421
512
4467
8006
9942
3384
7317
8468
2986
9357
523
4462
9316
1613
7719
4983
4884
1758
167
441
1838
4747
2551
1547
5447
5334
5546
7381
21
4221
4097
2996
7487
8083
8517
6334
29
9278
3607
8819
6538
9462
7467
521
5960
8723
8949
6414
6711
5579
6109
7942
7105
6661
7974
9388
4671
7469
6800
1822
3088
9873
7942
8642
1740
9101
6536
167
6371
3231
9330
7102
9704
3788
2532
5602
2925
924
2831
5568
7294
4646
1216
9898
4451
9550
7586
720
2450
6087
876
8567
6802
9528
932
9734
2218
8513
5660
9790
7903
6799
3543
9793
1979
6619
4407
8328
4617
1251
3699
9777
8534
261
3762
3054
6672
6688
5041
150
9421
37
9415
1849
9105
7412
5449
9858
3299
5682
5991
7151
6491
7991
7887
9282
3538
4172
6897
256
4903
6367
4285
2823
6162
8808
5584
8787
2114
2613
7796
9151
6353
2183
7888
4350
2990
1265
8540
1639
8066
8525
9269
6122
118
2285
6510
9049
701
7850
6760
7692
4235
8195
9889
7056
9291
3787
5382
8768
1911
6777
9233
3444
3049
8522
9310
878
6603
9699
4131
7818
6991
4499
4195
8961
465
766
232
8922
7031
6768
2055
9695
106
1009
8483
8509
4059
6534
8563
8398
967
4502
84
1520
6080
2450
2168
7669
5560
3026
860
8253
7467
8591
9553
3166
1476
1440
462
7621
481
5319
280
3439
4322
9233
5812
2256
1816
9009
1311
2471
4742
2160
93
4147
5981
9138
6744
8680
7665
2615
1059
2232
4790
3833
9075
9954
7410
8757
9514
2170
8340
4623
4874
8226
6066
4502
7020
9200
2763
2818
9344
7227
8698
3684
2207
3362
9766
8850
3205
743
5532
5869
9664
232
458
7457
3331
955
5703
4151
4996
8616
1452
2537
1503
5756
7955
9635
5919
4665
8443
4635
2757
8155
7072
9435
9458
4911
7511
6864
8386
3853
1307
4053
8879
7168
9772
9863
7678
7620
6869
3424
7652
3417
4093
8049
8114
3378
7396
5393
6766
7359
3221
8130
8791
8524
796
6397
6249
7996
8855
7729
9723
6473
9601
4952
4943
7832
1057
6776
1823
6677
7841
2194
6219
1552
5269
5894
8287
2516
8187
5507
1525
3940
5401
2014
3428
2567
4732
9366
4767
4953
8673
3160
6805
606
6818
1321
7112
3534
967
3148
7336
7228
9688
8977
4657
3926
8112
2029
3760
71
956
1765
5813
9070
1939
9206
4937
9395
9734
1595
2570
3927
1885
5076
6849
6
7630
5549
6865
8771
7072
8366
7046
371
2516
5253
5614
8534
4744
6088
2695
8537
9524
7651
9838
6746
4158
8856
6244
8329
4040
6136
7169
388
961
3350
7484
2177
5690
94
5819
9093
5168
8029
240
3984
719
3466
9200
3098
3038
85
3587
940
5806
5573
964
4969
2165
8149
8459
9280
9198
6653
8827
3805
9820
1150
9445
2439
2268
8463
6017
3326
8491
1140
7303
3269
9721
2789
7212
5486
717
5197
7082
6967
8789
5591
8042
2771
4881
473
8347
5629
1279
9209
7923
5322
1795
669
9526
2067
4031
9801
2447
798
551
5730
7983
3223
3074
9579
2384
6172
8122
5063
3712
6048
4981
3418
8431
3806
1214
5529
3996
3513
5280
1081
8367
4120
9682
6958
6963
372
4139
7261
5498
5584
5280
7441
8041
9034
1055
2369
9840
8193
5071
2565
9270
7326
2143
1285
5711
5832
4397
3652
7671
4406
3718
5953
5570
1247
2010
4873
5762
4375
2193
1354
1315
4955
5394
8217
7355
4866
9605
5875
3863
5628
708
9611
9612
1982
9906
3191
7942
2152
9635
7465
6568
873
4103
2088
3716
3223
1104
1978
4480
9180
236
2467
9949
7310
2396
4133
9647
6555
7529
9521
1988
2306
4213
9580
6337
4586
3647
64
8751
30
7353
5588
2420
218
1393
4452
34
2310
3341
6425
4690
2433
2716
5924
5715
5092
9398
5764
4745
3466
1610
8512
7915
3061
9562
356
5142
6032
9875
4704
1136
3499
6236
2891
7350
1309
5303
6285
2679
5202
7672
9705
8778
9468
6020
1101
3180
9343
960
4476
7075
8889
9184
9146
677
5212
3323
5694
3177
5198
4578
954
1946
1789
5395
2220
8851
4402
143
9508
3174
3770
8506
360
8560
6056
7662
4963
6457
5217
7936
4191
2081
4972
2634
8028
8325
1809
5419
6080
3101
3275
5525
1865
7979
6746
4949
796
7783
4715
9514
778
6275
198
4689
8752
8145
9410
5826
4247
6265
1006
5286
7213
8871
5121
7355
924
7551
5896
7530
900
9667
7109
7538
9636
1691
3714
7112
3784
7371
6566
3533
5584
7344
3887
2852
6303
561
2474
6698
2075
597
9205
1084
1205
3244
150
5939
2284
6773
1128
4169
7429
1933
2760
7097
4544
2845
1122
1079
9784
5503
7723
9838
5821
4985
9510
377
408
9695
6462
5103
6453
6104
1359
3115
2894
5574
9159
5524
8712
4360
4502
3853
7303
8001
7007
2386
5670
9756
9216
8434
9762
8027
3530
7116
2678
5797
9000
6757
8941
6297
8835
9974
9952
6599
373
1246
7024
7994
1210
9523
8793
2179
7594
5103
4153
8604
135
1286
5202
2161
6696
4785
8401
1827
6649
260
8201
7626
2523
4870
972
5772
5228
9606
3443
7979
8747
4956
4985
2120
8213
3581
5795
5672
4509
1450
9282
2161
9123
1572
1000
3707
544
8115
2422
7820
8723
4526
2642
8164
5553
643
7905
34
1122
3901
9933
2122
3184
1245
1937
7160
4289
1304
4272
8939
3742
9922
3605
7603
3980
8280
608
9271
3751
3945
3770
1855
4428
2667
2954
979
596
5866
9442
7899
2853
2086
2449
6420
8674
5248
9569
1790
656
2066
9833
6659
4587
3409
889
9720
4773
4845
9192
6227
2190
6911
1631
2809
5289
9727
1667
3940
8275
7238
545
4953
1116
9567
7719
3360
799
7206
6785
2109
5928
8588
1439
4255
693
5159
8903
6910
6124
914
9708
7608
4518
7789
8539
9943
183
4319
7698
9887
5211
9641
2947
5480
8903
4868
6835
3298
6737
6161
8757
9832
5439
5503
9332
1351
9548
9302
196
1154
4540
7962
1912
8908
3663
6439
3931
2054
4556
9725
8916
9191
9108
5655
3034
6017
1937
8663
926
812
954
5709
7142
78
6789
6633
3024
8391
6645
1336
2180
6069
3523
2934
9781
5710
2413
8537
1806
1022
8461
4722
2032
7813
6318
368
6746
6365
1681
1007
8436
5313
5274
1064
2694
7260
9015
7561
7368
4878
7746
1435
7906
719
5523
2945
5881
6030
2753
9585
2879
2016
4683
5592
7777
183
3083
273
2996
3601
1617
672
3570
5243
5816
8977
3935
3497
5824
4744
5178
9989
5038
9842
451
2293
3042
160
5253
7014
4987
566
4854
2414
5413
7571
942
322
9267
5306
872
8941
1790
1314
6647
6540
8599
3862
4983
26
4608
7782
2521
1578
3250
7260
7235
1306
1201
2328
3800
1744
4928
5976
8286
6037
7903
3166
4646
7498
6032
2517
5069
7592
2027
5418
1312
71
161
2962
9936
9783
9528
373
4877
7257
2115
3017
9790
7030
5624
8898
1849
3640
9786
7600
7613
3129
8976
994
9742
7950
3291
7497
2151
9308
1539
7535
6593
1464
3029
8007
6995
1882
2527
3357
4896
7393
943
4689
8077
5163
8839
631
6848
8014
1049
2247
6402
4286
388
3930
4638
3332
1676
5270
4765
3019
5834
394
5022
9630
10
5912
5623
4047
7340
8591
7784
4508
3865
6872
261
6810
932
4798
9853
8491
2833
2008
5611
7977
8719
3962
7322
4129
7222
2180
7754
9994
7566
7362
6697
8751
1980
291
4511
3400
4964
5996
3680
1349
4232
1122
8103
1060
1652
9548
8995
6552
6922
8738
3615
9855
3961
1253
5620
3310
1650
2644
6040
5389
6357
2091
4792
334
9871
9844
2583
4423
9666
1731
2269
1045
8035
5340
6725
5359
3827
5729
1352
3499
6804
8621
4147
8895
5878
5306
9093
6844
3507
7186
7066
8349
103
9914
4844
4126
7217
7560
2971
9301
9695
2483
8701
6731
3525
8624
11
7315
1459
1718
8263
3381
3018
975
6789
1006
4737
2488
8672
3646
3523
6410
3139
772
9278
5630
113
1245
3382
4644
7077
1398
6662
5482
662
1088
8779
977
376
3220
3463
783
3650
6185
7197
6042
7536
8109
4138
2425
2240
1023
4068
4890
2939
9727
2221
3837
8251
9701
9487
1726
4263
1931
9338
9243
4604
9185
7332
929
9547
5569
8836
6065
2273
9545
6332
549
45
3886
7130
3992
6581
2007
4197
1299
4791
7753
7747
5941
4048
9695
2864
6164
50
4361
1797
8671
2040
4954
9892
6920
1858
4325
6385
8394
6658
6681
8202
5207
978
8245
6578
4776
8808
2486
3101
5989
1552
7888
3838
6173
1637
4825
5305
2023
9661
1980
5986
9805
3631
9111
590
5243
438
3675
8064
4657
5046
9051
2406
2424
4170
7080
8040
6611
6317
1308
9162
8346
3746
903
6392
5385
17
6309
3346
465
6533
8630
4022
1370
3629
3155
4997
5276
9422
7921
7929
1173
465
5512
5793
2719
6429
9954
4147
8112
8662
6957
8473
6992
3513
5091
7296
8443
6170
6351
2058
8795
1081
1807
6300
1377
5343
2071
6993
9104
9042
8539
390
1421
9162
5121
5959
5667
17
4174
7475
4071
8746
8267
6821
4364
5432
8270
4419
2633
3665
2655
8729
2847
5217
8622
7948
4832
9131
2333
7400
8149
4331
1755
6252
1729
2886
5080
2362
1703
4605
4318
9228
4588
5942
631
8975
9539
9257
190
3674
8603
4247
5033
1402
6971
639
3062
305
7862
7089
5356
3927
2322
3738
2384
9112
9162
5944
2597
3062
5219
1293
616
2886
6167
6650
575
7894
4348
875
1466
3783
1219
5195
1004
8116
7633
3682
5025
2627
5124
8900
7055
3652
5889
1052
629
639
5202
411
7303
1823
8523
8558
7099
8577
391
5416
416
8028
3429
7062
7509
6347
8362
7219
8084
7745
5404
3127
3114
4476
2246
9273
6375
9269
466
4031
9767
4055
4881
6399
7571
4856
6006
5660
8587
725
3775
6739
6689
5282
9729
7656
7621
3519
4246
9217
2915
5073
4104
2433
7824
2965
9690
574
5601
31
2573
634
9724
4315
4139
4524
4161
7926
3493
139
9918
9187
8143
945
2188
6478
9325
5853
6155
9320
670
9241
8960
6110
4795
29
3890
6070
4873
4888
2602
8623
9105
2257
9672
837
4502
9385
5325
7712
3486
3057
3703
916
8943
9688
5004
1163
4156
7004
690
3453
3877
8015
4544
8707
7221
8909
7926
4038
3285
4790
1901
9481
6562
5359
3001
3679
5208
3884
5194
290
8821
9111
2491
8927
7618
8742
5498
6151
6233
2283
1196
7396
2576
2685
850
9394
3652
2936
1686
8226
8137
5715
3067
3046
9300
2531
221
4414
4803
2401
7669
2495
8987
9108
3278
7194
4073
7977
3793
1326
5139
8424
4346
1907
8343
9098
5361
1698
1256
5971
8182
2356
4394
9196
6868
4709
3674
5216
2082
3709
9900
1572
349
9335
4855
6232
1515
5784
3982
4610
6288
3874
4071
3681
2843
3578
6099
9701
6612
4217
5000
943
5863
2284
7049
5242
5206
7521
8763
5842
9549
2798
8289
5307
5336
4573
4709
8983
5328
7120
3243
6858
5921
4563
6441
959
4510
6034
8051
3213
5483
9083
7422
9299
1338
330
231
4019
8031
8517
1125
9464
3708
1374
8940
6343
1937
303
4647
2511
3823
4046
8363
587
9295
9492
8057
9306
3145
5863
8784
6684
6717
190
8155
5286
7718
9504
9483
7163
6200
3130
6124
1295
655
8301
7427
5565
6540
2147
7843
5265
6685
2559
2610
7739
5401
3619
4185
6889
6697
2907
5975
7149
2373
738
1674
9260
7963
9837
3009
5153
2088
4584
6244
797
9550
5493
1766
5407
5179
3441
2501
1075
1103
4472
3785
9890
9833
5426
2200
196
7490
2335
5793
6771
9035
8076
4220
122
2278
7847
2273
308
4293
2153
1937
7836
9974
5714
5844
3180
8155
6122
8954
9510
2149
6317
6975
373
6571
1211
8025
683
7334
8626
9302
4046
9106
1397
9246
8159
9940
1932
8329
5254
2242
7947
5948
4609
7055
1372
3245
5537
2464
4928
4078
1951
1841
3073
1572
6922
6048
9152
1400
9213
5756
258
1398
7698
6937
2428
7714
255
1923
307
1315
4058
281
3624
4471
5340
4532
6939
7319
4729
8727
9654
8396
3493
8143
310
4945
3942
4027
3276
7393
400
3400
629
8600
5273
1214
8667
1232
5495
9331
5169
1586
8848
6288
4563
9925
1143
478
8360
6528
4922
2679
1517
2641
7326
2646
4373
2528
6690
8406
454
9683
733
9349
7798
9066
2274
6770
7455
3284
3146
184
8319
4577
8807
830
6118
9196
4323
7140
4700
3592
3831
1960
5717
2403
6311
4952
7749
3192
1544
8425
1606
6055
1394
7131
185
7452
2748
2652
5056
7898
6425
9852
6248
539
9255
5174
8404
4563
7845
3744
7870
6387
887
5599
3482
3617
8627
5734
6804
1329
350
8849
8372
5387
5445
8977
6487
1710
2570
9340
4121
9646
6777
9835
2381
8812
5547
1198
6699
5795
1499
3401
5950
6453
7483
6344
38
7196
87
2971
1451
8236
3292
868
1561
368
5112
3353
9956
1476
5271
9261
2910
9
3643
2355
9553
1852
5705
9872
86
2753
3823
540
6471
7611
2681
6765
1556
2072
2712
400
6117
6481
162
9058
8589
4948
9903
5065
8489
7329
543
4008
8309
5067
3674
8988
7777
4586
2168
4090
8164
7806
1496
2729
3577
9220
4227
8497
3123
4138
7220
6965
4795
6234
4476
6411
8082
3986
4034
9727
6918
267
3154
3789
1967
7397
8943
6165
4421
7050
1494
4386
4900
2280
2341
2724
9454
2800
5028
1728
7865
4966
2344
8203
8473
9170
8422
7314
1313
380
1167
4311
7844
4798
4520
3556
4542
4691
2163
6887
5053
9902
7495
6838
289
9480
2562
5218
736
9762
2787
8621
3044
459
2412
7845
3420
1393
2824
7511
4339
572
8455
8546
1940
5189
9011
9228
6309
429
6601
2541
3460
5679
5555
4934
2663
5770
5137
267
1614
7388
1850
4307
5962
6326
1435
1052
5077
2287
9022
9058
2061
4289
2201
8080
5714
9644
7522
3821
5080
3716
9450
3382
1267
3994
3919
5800
174
962
4898
9275
4867
5359
6856
4778
4375
4275
6834
9238
642
2665
8978
6303
6814
6202
5590
7122
4721
3618
7927
9361
8832
4115
8034
5872
6722
7877
467
2815
1284
5409
3687
885
8808
6492
3196
8822
9456
8568
8611
848
7280
6687
1933
370
9667
7206
7433
7742
409
7538
7129
5174
7311
7024
7040
9185
9549
6501
789
156
3627
7461
9748
1874
6479
2344
8195
3892
2988
4368
3531
5881
85
6321
9286
4681
6245
6542
7588
517
7033
9044
8104
5482
5888
5118
722
3757
3111
8767
2019
2647
5403
6563
8277
3366
8592
3029
1269
1439
3560
7522
3689
962
3520
3883
8153
7601
2323
2456
3697
1842
1404
2085
1505
5545
3783
3581
3979
1959
1269
3560
1219
7534
4574
6720
4345
7413
869
8661
6956
6161
6221
2904
3600
3568
6924
2804
8581
8867
7963
4786
1856
709
3205
8397
9020
332
1609
9239
3013
2950
4704
868
7073
4015
1169
194
1281
5976
7312
4719
9371
7953
1128
4983
3545
327
1330
1082
8633
6092
343
6086
8103
8345
5199
9833
3725
6358
8375
239
3493
1036
66
2514
4252
5493
2777
9130
4388
7817
292
9335
9243
9152
4289
9686
661
4169
9293
2675
8520
6112
9744
7906
2166
9755
8611
142
842
1428
1623
7206
2901
6848
1542
1882
9739
6330
7187
7412
3931
2093
3055
5574
5912
2027
8662
2510
9516
4776
1685
498
5851
8877
975
5903
4506
3816
2424
4378
91
2171
4306
7362
387
132
3085
7871
7492
3779
3388
2897
5609
9095
131
1039
2975
5887
4907
1470
4735
2190
8308
6565
1288
9410
8762
8750
204
7440
9218
3911
7059
1623
2913
3382
5125
498
9040
6170
7232
8458
230
2037
3261
5225
1511
7072
1056
6078
8178
7355
6653
9122
78
7770
8283
5551
1017
5862
5849
7976
6004
454
2165
8922
174
604
5687
2197
5930
3988
4812
7030
4807
6743
1779
6200
5535
5270
988
3111
245
6378
2252
9938
701
9102
5932
7294
6063
2446
8975
7831
6991
4914
7266
3658
3066
7097
5496
2554
764
6701
6986
7756
9568
8534
5210
9106
9064
1166
7352
1816
6305
726
1273
7269
4249
6811
3193
7298
5304
3091
7244
7333
1646
3575
6314
1257
262
721
1728
913
9446
7657
3163
3644
250
8170
9666
4828
4205
8741
9197
3839
4938
3068
2230
700
2216
2245
8674
8692
7974
1882
8818
2747
75
1568
9652
8417
6762
9050
3532
9057
9229
6680
6961
9843
7139
1192
4948
8259
5274
6705
6511
2348
8460
9258
7905
915
1877
2691
3125
1586
6733
6453
2768
6358
5858
5047
6665
7402
7187
882
9100
3241
4819
1719
9340
2948
7920
7090
9337
5347
727
8565
6316
4680
7492
1757
1829
3767
9022
153
4791
7181
3962
2877
3901
2488
4038
8976
1780
7179
1634
4939
1250
4450
679
7039
5061
7780
5256
1915
7964
1465
3673
5821
985
2581
3476
6653
6695
3040
4930
3106
7749
4894
4892
4790
4100
2351
4423
6374
8039
6633
5599
1224
8357
6749
8054
5635
5850
9610
5942
5609
1133
2292
6274
6035
802
8247
308
1385
2378
7751
6652
3735
6629
2470
4662
1974
6224
2686
3270
1796
4003
6782
4903
6332
9174
5224
8197
3595
6068
6014
171
6309
248
6797
8703
8341
4125
7941
2245
3925
500
8914
3975
317
2661
6183
4076
7791
8533
7536
8115
6278
7970
760
1449
9268
7893
6330
3848
7882
5102
7418
237
3666
7203
1675
3862
6269
8558
6024
6926
491
2920
69
9403
2137
7774
9106
4192
9304
7651
8411
5318
2190
2547
3883
5859
914
4983
4309
7706
6853
6589
2936
3942
243
5998
6013
7730
3421
814
2757
8964
1196
4600
8359
8353
6801
5404
8689
7159
3011
8536
5155
2109
1722
9495
9310
2298
2161
407
5986
5901
8821
2178
8156
5002
7591
8603
6024
6836
7526
7574
3072
815
9919
6094
6893
2362
4992
2301
4574
3725
7599
531
5489
6753
9596
6305
3508
188
1051
755
1339
9848
95
5379
3896
3829
3646
2258
6500
5687
3028
729
7764
2071
8865
5796
1219
5745
7329
5483
17
6997
9044
3162
3874
8603
2921
872
5455
3498
2926
8470
2457
1719
9714
4552
5536
719
4814
3174
463
6718
4230
4406
3201
8166
4909
5057
9232
3112
9739
3113
317
8264
2758
3118
9067
6563
8530
8705
6696
2606
3105
3905
8270
1537
7167
4904
2534
9703
9364
5700
5530
1548
8033
2352
7265
1046
8467
3348
1930
2489
9076
536
2703
9365
9155
6672
6962
2844
5292
9590
9189
4829
3640
3005
102
2785
53
1491
3913
3422
120
8473
3584
8015
5071
8966
6766
1132
6592
1676
5192
7141
8037
9169
6448
3593
7324
8962
2626
1879
4984
7879
6736
3192
4772
6445
7336
9056
1503
7203
8254
4371
8175
9269
7735
9584
461
7453
5688
6115
473
380
4836
9764
8167
5129
5533
3135
1073
1947
6837
6693
5695
4387
9589
4665
8295
7923
5745
4110
5356
8232
9929
392
1580
4097
5541
9458
6168
847
5986
6166
8536
4382
2690
6164
4314
8292
7222
2908
7662
2469
3167
3672
7604
1913
8043
8008
7784
7148
4370
8379
5140
6675
5256
2216
9668
3420
8433
300
9745
9565
298
5191
4999
4675
6749
8366
8556
5692
7492
9835
1855
4663
3321
472
3158
1283
4891
1076
3969
1980
9094
3179
4631
3074
8127
7420
7741
4482
6614
27
6864
1033
5047
1727
9457
8658
7233
6913
8799
7492
221
3917
9737
8163
9287
8012
8549
7798
9018
2057
2943
3108
4745
2740
3279
5794
1232
743
9556
1843
4190
1841
5897
475
7611
9128
7585
5610
4282
7198
9799
8390
1088
7201
4290
3606
4512
7463
7421
4660
2457
6927
5700
1114
6367
9358
482
1709
3531
4353
6936
8922
3296
3575
9516
1309
7425
9990
9633
5045
5866
7157
523
9435
602
2082
757
5298
2983
2704
8051
6816
9686
835
6199
1764
5471
6335
2073
9126
861
3383
2859
2546
6300
4014
3750
8855
5161
6351
7607
5100
8707
7903
392
8517
5377
2122
8375
7939
4098
3458
4119
3141
3307
7881
1037
8000
6545
2985
9673
929
648
6816
2466
1266
2395
5785
5428
9351
5057
4410
6989
2722
3728
6799
506
5864
7180
2186
1576
4822
7591
1143
2973
2272
5792
8036
3835
5837
9913
5263
2261
5655
5435
9036
9996
194
7957
918
7073
9043
7775
4730
1758
78
5593
5647
7559
1456
2660
9738
8956
8739
7777
8159
2102
9747
7622
9519
6136
4524
1318
7083
7674
8493
1579
7304
9318
5492
9130
4335
5579
6127
133
1578
5816
7655
3536
1587
7848
7451
852
349
3861
6002
8645
4192
9067
423
7660
1274
1634
9814
28
2169
3565
9425
4339
8251
3342
585
39
4039
8343
608
3805
3126
4762
2211
8441
8224
6417
7909
4600
4072
5974
2886
3949
3512
6613
6548
5901
8727
9088
7967
9330
9536
3989
4534
9486
8121
6244
8489
9223
1683
7779
8392
6273
3250
1632
1713
3367
6517
5213
593
831
2500
201
3822
597
9580
8590
6192
7375
2098
4525
8270
4475
8413
8188
2003
2383
8018
6710
9891
7064
1202
7610
8374
463
6346
5147
3757
3857
3451
9620
3621
4756
1590
7644
9063
6753
3877
9686
3600
1371
8792
9401
1171
8424
6029
9801
2649
9000
170
2637
5767
3614
8325
9694
1922
459
9131
3280
7440
5996
4001
6151
1733
5364
569
8187
4097
2142
8530
8111
8265
8873
1854
2658
46
1780
9931
6430
5143
8975
1627
678
7617
6342
9811
1838
9659
2067
72
6900
3906
5338
1654
2063
3398
4547
3066
848
5014
5538
3432
4558
9420
9628
8204
7943
9946
5140
3452
3136
7930
2789
3596
9095
6556
7175
38
9103
9545
6524
6888
4412
8395
5745
8209
8275
1848
2138
1102
2521
8853
4153
408
4902
6033
9581
2632
906
2117
8585
2492
1409
1231
7752
2229
5457
5995
8402
4870
684
4448
6601
4892
9708
5861
7218
766
1752
6659
5647
4828
2012
1257
4809
5116
9453
853
5795
1581
881
7695
3868
9454
1271
346
6714
7792
1192
6128
8953
4525
5985
2071
6936
5875
7886
5933
6594
146
7199
6310
4833
2674
1411
6984
5943
1656
9199
9157
4967
7592
4797
3907
517
7715
7775
4722
9137
388
6361
9846
1683
4236
7049
3582
3815
5387
8588
5474
3991
1109
3286
5614
8535
6166
5196
639
5706
335
754
181
790
2932
1935
1604
9727
7858
1436
2637
8403
7582
1283
749
1038
956
7234
788
8590
8373
1712
6456
6733
2921
4183
9518
2299
836
4216
566
5503
576
5059
8957
5719
4209
7995
3169
5983
1698
4412
8133
6593
3192
1922
3381
7416
1097
7036
1221
8694
2155
3988
5746
5488
4957
3176
3132
7988
6122
4188
815
7175
4530
6945
5123
7254
1828
4008
3884
807
5125
7390
5999
6873
7695
6438
151
822
6469
8605
3929
1207
8843
1149
209
4655
8052
211
3538
8493
9200
3375
7030
9149
443
1686
3520
2152
149
5938
1534
7170
894
1927
5774
7951
8712
4119
6973
937
3691
647
5333
9414
760
194
9127
6046
9013
8879
9980
9326
3196
6146
2884
4073
5652
556
1479
5959
8182
8056
3780
2276
2393
8111
1352
170
6636
386
5863
1080
8013
8492
2547
8669
2868
185
6516
4645
8433
4571
7197
9349
5315
4359
7192
8374
118
8462
5717
7215
2045
5621
528
2619
3045
898
8525
1807
9272
7416
576
9951
1161
7279
1095
8505
3887
5577
7550
1994
8434
3178
4699
1891
6600
302
5877
4947
6641
8722
5155
9444
1507
4871
838
9847
8552
991
4891
8083
3469
2686
3532
2381
3311
7574
2528
9723
5480
7017
2423
6254
178
2313
256
7181
5140
7458
2178
2875
5931
8564
599
752
7988
9083
1293
7016
7512
582
6627
1160
8225
3455
8198
304
5574
878
9377
956
5837
3297
8915
4205
2687
5231
7470
4072
7970
6065
6608
7051
2676
5274
9552
6115
2323
1644
5685
493
6744
6069
6255
9925
9384
4830
2490
576
1483
2447
5999
7002
1022
8915
5645
2087
5734
7290
4813
935
1218
8951
5925
6190
1075
4153
1122
1289
770
7655
2908
1734
1754
7020
7554
3975
3362
2403
3613
1943
876
8822
2143
917
8856
2490
1868
5429
5120
488
6891
1237
9536
5109
6476
457
2434
6837
9604
4025
8319
1446
6968
6865
4061
9364
9325
2791
5701
8485
6846
1801
5224
2176
7805
7891
7026
5400
9036
3901
7732
5159
7168
6126
9165
8436
1948
3175
5477
3080
8926
435
2681
4513
3330
9093
7196
2966
4631
5885
7856
6418
1459
8077
2897
6928
2164
7496
9140
3432
1055
839
4350
8650
2622
5226
2450
5013
2245
3215
4403
4776
3625
517
7764
1013
6304
7057
8188
2356
8389
5960
3135
2821
6269
1977
4814
8550
297
6627
2056
7568
7694
9167
9013
7642
6927
7395
4907
4461
9227
3634
2886
9900
6664
8054
3203
9861
2182
7074
1247
9379
6919
4141
8425
55
3100
3427
7074
1711
1807
3767
4098
9947
8529
7378
8295
7752
2021
8900
4809
1208
2989
5604
5834
2518
5338
1537
6908
5767
9683
4570
6951
83
3395
2524
6425
8000
4789
4117
151
2482
1827
4232
1601
5723
3588
8391
9577
6463
4695
1541
7788
9548
4516
1810
600
2433
19
6520
4746
6861
3704
1563
4393
8440
3378
1243
444
5754
804
3252
1843
6629
2589
268
7136
1186
2376
8759
2186
115
9689
9009
7973
8602
9653
8389
6760
881
2051
1139
3240
982
9322
5779
506
466
7050
9337
3734
492
2799
4442
9224
6577
7356
5081
7145
3166
7126
3980
7819
9911
3195
9142
3351
286
8373
6627
5622
2637
7731
7111
2646
1278
1839
3371
4225
1949
732
7962
7339
6543
4838
4983
9749
944
5204
7389
6140
1744
3669
645
4899
6288
3965
4133
6596
139
4294
6139
5851
6328
3590
9862
3034
5586
316
33
9958
9022
8061
4184
8980
8868
5710
3071
1362
3824
4651
6683
7588
8293
9468
9576
8710
1234
3734
7727
8743
3583
9483
9175
6683
9001
2377
3046
2123
1878
100
3566
1600
969
8569
4661
4755
3831
8866
9541
1759
5833
3529
1166
2719
2497
9555
901
5743
4366
2014
8479
5096
7213
6270
5334
9684
3204
8175
9768
6911
1021
2647
8064
9386
9420
9167
188
7856
4363
9335
5679
4489
8947
5831
6396
6027
8230
9637
6904
8128
1829
9916
8654
7511
4449
829
2803
6738
6180
6239
8177
5978
7761
2981
640
8054
4071
586
8781
4124
8891
6899
673
5293
3391
2352
7690
4079
2726
4660
9232
9853
7328
7544
7806
4300
8363
3774
7834
7662
6162
5810
529
3712
8715
1205
4380
8940
4810
3765
6365
2460
3579
847
1883
8521
1556
9389
9987
2396
2
8064
6048
1176
3012
435
2583
836
8870
1718
2909
8653
5102
4094
3404
8163
9982
5967
8144
7206
4968
3073
2783
2376
2947
4233
2893
8387
5040
6918
6884
2112
2191
9728
5418
5921
48
3585
2002
1296
9542
7726
5599
2511
9308
6469
6760
9734
5270
7658
6908
245
685
3003
798
3939
1351
2942
3803
2466
8720
4828
642
6861
1870
306
5678
8822
3663
6173
3260
1107
3895
8410
4730
7553
4902
4619
4151
4869
5511
329
4945
5844
1693
3857
6091
257
5284
5626
2038
3259
3633
1873
4609
9732
6629
715
8814
4967
8936
4673
6549
3774
5118
8846
2935
1526
6322
6576
1797
1374
80
8457
1397
8268
8215
7661
3502
1573
9778
6015
784
4449
133
3752
1998
8004
7870
456
1309
8223
8627
8821
9320
5166
6049
8443
7589
4214
7479
2249
1242
4708
7627
1910
850
5191
4379
5239
4259
5129
8868
1770
7667
3861
2001
7441
4146
9033
8604
8654
3202
8212
6644
5170
8479
5421
446
4921
284
2894
9466
3011
9505
2073
3908
9802
4437
4712
6179
2145
4060
8802
5838
1104
5941
7875
8674
1123
5922
676
6854
683
784
8437
9732
3221
6055
473
9117
42
6071
6475
3898
592
1748
1027
5703
8224
4563
7522
1052
7407
768
3745
760
7325
2397
4982
8440
6056
8436
9636
4231
3207
5354
1100
5087
6981
3379
404
3803
2353
4167
3566
6603
8377
348
6175
6346
6870
6936
2976
9841
5153
3257
1089
9196
5449
4259
6989
4348
7278
7840
9727
414
4499
4829
9528
4044
1538
1682
9289
3775
910
9810
1399
7730
4441
2174
7633
853
618
2683
814
7430
5829
9577
6282
4361
5380
920
4257
2955
844
8183
9153
2802
2392
9742
4847
3541
9104
4731
8622
175
7874
7584
2192
1142
3776
8740
3563
4544
9999
8066
1694
8420
8125
9790
4251
6441
967
1157
2901
8227
2863
7911
2309
6379
5078
3764
1644
5038
344
44
4693
923
1008
197
7920
5903
7638
1322
3109
5862
1233
5362
1986
5303
6968
297
8967
7515
4261
6249
3578
8290
6718
2873
2749
9047
8435
1557
2470
2587
5195
8613
2489
7670
1027
4423
9297
285
991
8969
6916
528
3780
2127
3075
582
9285
2829
5698
9033
2124
7496
1447
3014
2867
5124
3914
2276
8663
4677
6438
2072
8960
8100
2753
9010
3653
5718
1008
8954
3865
3613
3456
3134
7468
9768
4923
2189
7692
9527
406
3821
771
9660
3114
9551
4395
6868
5631
750
6553
4807
5877
197
5430
7496
8808
7906
2798
14
2230
1587
5110
2691
790
8989
933
5875
7377
6374
878
8877
2621
7399
1021
149
3669
2516
1402
2934
1616
5454
6272
3673
8157
6803
7764
2009
1928
8587
314
2035
4466
9289
7899
7498
3032
4480
1235
5880
338
1731
3287
7241
7606
595
2825
1405
3942
9691
7035
1349
3825
866
8229
3030
9887
3386
7446
8334
8935
9049
6871
7537
1168
8900
5482
1485
4425
4457
8305
5233
311
6094
1196
3102
5539
3339
4046
8239
300
2359
490
3505
2403
8839
5879
8588
1964
1731
2081
157
9404
8412
2929
3941
9556
8342
3007
5394
4879
1365
6528
3051
6104
251
4860
3669
9989
5722
2542
5124
3298
7921
3030
4878
46
6067
5817
7535
1323
901
211
2971
8343
7433
1634
879
3925
156
6340
6630
8518
2475
8446
1693
7377
7767
4900
9587
7704
4267
6025
8169
3469
1470
1467
5355
7647
5518
9657
6773
7050
8926
9262
182
8482
5542
2087
7754
3325
9301
1277
4398
7208
3476
3420
4862
8039
1618
3672
3386
9873
4678
9821
6239
8135
4253
9556
6564
3261
1451
273
6896
7508
7185
1886
699
8023
7204
2379
2280
7486
6700
3287
1526
330
2313
7625
5647
5717
1553
6275
6036
1742
7631
5649
7554
1034
786
6856
8825
2369
6521
8464
118
5091
9491
8394
6743
461
501
5961
4194
3867
6268
870
2845
2790
6954
7644
3385
6075
3653
6536
2328
9884
7240
9100
2198
1601
7765
5212
4315
6851
2188
1020
1804
6569
4923
1382
2044
656
8563
2368
5034
5126
3074
3775
3777
4931
2597
3226
2633
5368
2766
2935
3878
9205
5297
4089
2557
1676
5660
1916
4953
936
137
4626
533
8906
5676
483
3795
802
5075
6185
7695
3098
4980
5115
7636
6381
3894
7975
6342
7058
9612
3529
2822
3276
8973
6022
7210
4300
5611
9115
3556
3717
2680
3027
3638
393
4829
2842
9015
1872
9712
6253
6670
6721
5424
5895
2064
5832
5249
547
3586
7444
738
8933
2050
9512
3509
1641
1676
453
7955
5586
5108
2942
639
4121
9424
9693
1576
2626
353
66
7332
6937
210
6476
9671
5599
3100
9645
3965
8116
7980
5367
9346
7558
2900
411
3473
6505
2621
5219
2504
5842
6696
2143
1593
3001
1320
8037
4524
1663
4440
2253
2796
7479
1810
4926
6824
5474
4852
2856
6369
5734
3092
5528
7379
5370
4784
435
7132
7282
8908
4827
759
8359
7850
2284
2065
9505
5482
6899
2928
483
9382
1022
9557
6353
4984
245
7163
3276
6019
4409
6205
6089
3937
6951
6036
4669
3637
4627
7239
4622
2876
3138
7427
4374
3860
8887
4400
2013
7875
5575
5228
2353
3434
7365
7077
9686
5201
8585
4454
3936
643
6155
3844
5955
9783
7238
8345
7677
939
8268
3276
7611
1703
3600
4936
1207
7343
742
3551
8710
2940
1005
5508
8001
3409
808
6660
5464
1586
6692
3590
1700
4638
5001
2658
869
4411
9794
1806
8860
8318
8567
7455
9085
8993
1735
807
2114
1422
8128
8265
9677
7145
3979
7261
2257
7195
697
3642
6417
5790
5813
3993
8482
2224
9614
9163
41
3368
2240
8212
6375
8405
4927
4032
870
6441
4167
6926
5773
361
441
3262
9993
1658
17
5079
2184
8171
3572
6128
9758
8456
6927
7556
7988
3540
1639
8158
5954
251
9176
9213
3614
994
1266
1320
2632
2501
6818
2460
1521
6124
5793
5811
5540
6964
976
3353
634
8639
603
3042
4529
7461
7264
6654
97
4613
9327
566
2040
8410
9353
9350
8807
4655
2580
8082
9267
6520
1304
2211
8533
3475
9730
3583
4399
3078
4545
4563
3750
2398
1419
3328
5807
1316
2760
3472
512
7122
9686
8423
6136
8147
3681
3186
9016
1200
8955
9377
5139
6623
1284
3219
746
7772
4040
4464
7733
3862
9075
6443
9001
9875
937
2306
4052
6491
3669
8034
8203
9456
4707
5007
1998
3661
9016
1549
7604
5614
5208
6809
2847
929
5645
6501
4658
6678
6572
6271
1646
2617
3071
5208
6367
4839
6111
1325
7300
2342
9629
5657
6774
6768
2598
1849
5532
91
6000
3744
3140
1279
9832
372
5013
6826
1133
574
9338
9185
8960
79
2061
6093
1881
6082
2223
6616
4608
1353
8213
7821
2491
8529
9585
8512
4945
4392
4762
6771
3782
8884
2561
7142
9854
5774
4124
1408
8015
4437
4202
1793
5659
4260
9204
2232
415
1462
6367
7427
6632
643
3967
9796
5091
5336
7426
2022
5935
7761
4218
8719
7708
2394
387
1244
9327
128
6764
3223
3018
5848
3043
7678
1684
3190
9707
3875
9823
9910
9296
7659
6523
2310
7757
215
2080
8813
9955
59
3206
2287
9835
1609
641
3510
2190
2969
488
3123
4251
7628
6675
5538
1492
566
7336
4519
8325
7279
3148
9837
766
3529
9666
2460
4227
7047
3763
8915
4285
1150
6926
2654
8555
7706
6978
384
578
569
6108
8712
1469
9913
7659
9971
9663
8378
1626
6803
7266
5807
928
7749
9682
1892
5922
383
6513
517
2782
1461
3819
8218
7557
4340
1395
3910
9496
2673
4663
2800
6952
4442
7507
974
5042
3836
9307
2924
7014
8919
5139
1383
2226
2845
358
3128
9467
4994
3975
4513
9491
9447
7744
7846
7248
7225
7969
6170
4296
6333
664
7215
7191
6992
9879
9673
9706
9440
3994
3410
970
638
6749
3566
8851
7252
1788
874
538
9797
1250
821
4488
6298
7262
279
9909
5123
167
3054
6419
5891
3831
9023
1123
9947
9772
9880
9077
7199
9201
7366
3956
176
2510
6382
8545
3404
8668
5529
3876
1154
8290
3144
2296
2884
317
6250
2749
2763
7293
1084
6787
5408
9362
2017
8409
6121
1660
8840
214
868
6779
9681
5604
5543
8999
4939
1346
1669
2979
3526
4473
197
631
5031
5431
4315
6587
9418
5431
3014
5746
7858
5512
6123
6781
3878
3565
3793
7472
6686
3780
9276
141
2611
6225
7483
2067
3032
5722
9713
3026
2528
4332
470
3605
817
5007
1562
672
3205
6076
4794
9083
2903
842
1421
3326
8647
746
1787
5122
786
6363
616
3027
9278
840
6505
3548
1908
2756
6431
3301
2390
57
7063
1679
9412
4193
9637
2326
4322
9484
5827
4000
6050
3391
8478
7551
4945
5226
337
3755
969
9362
6512
4376
3528
7460
4453
2677
8646
8749
870
7996
974
6060
9041
9274
5680
2508
3831
1641
968
5459
8251
712
1356
9537
5075
7326
5690
7426
1388
5521
8783
548
6747
2187
9268
8965
9370
2182
296
6950
2455
6719
3571
6945
3641
9962
9008
1894
5748
4502
9599
410
7984
1706
9922
1972
6627
4833
5696
6387
7616
9734
3026
7872
6716
8373
1553
2756
3531
2622
8731
1225
4060
9532
2560
9312
242
7431
3768
9310
2001
9782
7448
9360
2338
5176
6611
8637
6989
4872
6759
9021
4120
2486
9326
246
6640
938
7933
1570
7235
5415
2315
6418
710
7142
6372
2756
1499
9146
8337
9736
6230
3252
4188
6325
2766
568
1629
5264
3811
3389
4359
1753
3744
6204
3809
1677
9455
3142
770
980
5457
5771
459
3079
8951
6389
9761
7536
8061
393
3570
4621
4282
7859
9856
5398
165
6166
3848
3084
404
6095
1346
2842
9081
4946
8388
4808
3417
5364
6575
1576
1631
507
9591
7527
778
598
4464
6628
3406
9171
3347
7798
3294
7471
8671
207
9636
9549
9775
4455
9410
8372
7565
326
2709
427
3955
2113
7999
3957
4946
8641
1072
8212
3084
6579
404
911
9009
3868
2258
1456
6743
854
1494
6704
485
8381
1310
104
7803
6095
4359
7438
6159
8197
3054
1926
1366
1931
4486
2813
1290
7859
7692
7807
2331
5147
3407
1404
1060
1082
9414
9186
9811
4898
1894
8822
2458
2236
8497
108
256
5639
5186
5798
3963
1726
619
3386
6025
1330
5264
2980
1305
6369
4177
7812
2339
8513
4117
2736
1090
1605
5087
7826
3895
6398
4553
6474
502
2322
3752
4311
8565
7948
8403
466
434
8868
8766
870
3784
4611
5948
693
3846
3882
867
6747
7891
7760
6765
9877
1020
1116
9887
7730
6499
5082
8123
6994
959
416
397
7318
5145
6127
6611
9970
7723
9441
5953
1032
6913
1093
1292
6678
7715
2938
1317
9624
6683
1745
8096
2676
6340
841
8468
1567
7605
1026
2409
5128
5580
4298
4130
257
4895
4148
2682
6026
1441
672
358
6126
2467
8540
2082
2793
2227
8961
3327
8807
5477
9000
1296
8358
2927
8081
9283
7980
5596
3016
4542
1409
6440
5214
9782
4167
7997
3397
7885
3013
6606
5925
8118
8156
4254
3411
6888
8591
5229
6206
5577
7744
7245
1848
1677
4408
9781
7720
7615
5628
5905
691
6143
7672
9841
6327
3068
5118
4485
7306
6827
2111
3474
5171
2870
3884
8264
281
7739
4695
5971
1346
4052
2288
4860
1533
4755
5835
1054
5682
3638
1307
622
7395
6277
7709
2595
7889
8280
1444
1504
6660
3116
8916
1012
1392
2156
8696
2508
4866
3406
4450
8662
2666
9749
5186
9314
3122
395
2821
8330
6601
5911
1692
1915
6305
5683
4494
256
4760
8803
3797
1738
843
8020
43
3204
5994
7572
813
6280
6978
1992
2392
4416
2864
7248
5416
2018
9539
9363
5983
820
3714
8815
5911
1014
3736
7574
4994
2321
659
1419
1904
5117
1626
9335
7526
8670
7976
7162
9474
301
632
9769
5880
4669
5018
6740
4512
5957
1850
2691
8794
9333
3780
4068
3903
9633
7601
809
7226
5062
3385
3446
2788
1407
8858
6503
3560
5291
9176
4820
5619
5219
8688
9603
5409
3262
6471
3664
2055
140
5171
2382
4082
6296
5286
6757
1302
199
6853
7749
5697
7822
583
3646
4901
6073
9782
2120
4129
1664
6220
3286
357
2051
4342
7792
8102
7857
6175
5050
6772
8286
6774
9243
1213
56
3042
547
5490
180
7170
9888
8303
3689
1597
3529
5580
8391
4290
2421
532
7884
8546
2780
3212
4237
3929
5890
8795
5114
8583
1306
4949
816
6299
9890
7362
3356
8246
1728
8169
3554
3798
6806
4836
1476
8784
568
2562
6867
9768
9557
2227
5303
1254
3534
2736
9762
7643
136
7817
2251
1290
3637
911
8927
5729
4132
2689
8244
7068
7335
1561
978
3384
4253
2359
6401
880
6111
6367
7195
4034
8242
9750
241
6992
5819
5048
6744
1867
4525
1780
216
1092
3379
4824
8426
6349
731
2858
5172
9033
7500
3000
1726
9429
1244
7868
7460
3105
598
7810
6433
1113
3404
1095
4211
5112
7396
7392
6955
2367
2542
4284
2942
6234
7252
9328
8118
583
6485
1423
6361
5293
9428
3428
7537
6736
8163
3495
4088
8520
7020
8844
7277
5099
843
3865
6223
3085
1998
2361
637
165
7157
6398
6067
4927
9929
4562
7939
1103
3684
7899
5223
1006
9130
5360
7955
566
6302
6568
6777
8278
2737
6074
4235
7928
9954
7344
6730
8447
7098
6061
4933
1022
557
586
5252
2998
2519
7427
9195
2651
4724
3837
8473
9778
1545
9090
9241
4774
7355
46
9123
8540
2795
2214
6674
936
842
1718
1762
8953
541
2039
5488
3787
2136
5199
9371
5152
1612
601
7005
8408
180
5658
9404
5707
5979
8343
6637
8187
8658
3498
7663
5476
9436
5609
9140
322
1056
5854
8714
2703
7852
6213
9794
9109
9468
248
5445
8023
7744
9032
6990
3170
4039
1975
9243
3999
8838
8787
3445
8590
519
3077
2853
8805
2020
4448
6408
1776
2384
7895
8501
3522
4862
9720
6944
545
4286
4042
9825
360
1203
495
662
1581
4850
7946
2415
5935
1974
9222
8347
1725
694
1266
2133
6949
5319
6911
6889
6879
1597
1192
3472
6297
5335
4920
4520
6830
6857
2965
827
2067
4526
8240
1012
6696
7261
5994
9588
5632
1292
7787
7884
1130
4175
2085
9837
728
3884
9224
6429
1099
9088
9519
2201
8384
3122
4724
7583
6815
2401
6726
1139
6550
3974
9855
7599
1429
555
9536
8945
5784
4463
9770
4233
2197
6589
1459
2705
7589
1269
730
8041
8670
4988
7619
4626
9087
5790
9961
3701
7739
8861
8915
3844
7603
5262
9297
3993
1439
5418
4942
6610
6267
8911
6109
1377
6783
6452
9030
9800
9758
5336
1483
7703
8272
7211
2419
8681
6286
6014
3013
100
8326
4559
7627
363
5293
8267
8678
5007
3035
9859
2182
6380
9268
2
3516
9810
2045
9947
2675
1255
9708
7608
4397
694
207
4017
7114
4826
3011
7967
594
2236
6282
2878
6790
4478
7458
7069
5069
2762
363
4444
2632
5078
8657
8410
9297
7468
6593
2109
2030
1721
8464
9508
3451
3705
2720
3904
8075
4524
7139
9326
7661
8013
1711
6846
9716
2282
4519
6813
8441
377
5470
208
5566
2898
4804
1997
7299
7056
3009
8670
2839
8045
9063
2642
9688
6414
4692
6491
7086
6311
4266
131
9897
5591
3059
5046
4731
3120
8829
4819
1379
5573
9500
3432
3963
7220
5502
7175
2599
2825
4463
7251
9243
2705
2562
1648
3270
202
6420
2390
9638
3956
5578
795
8712
7911
5154
7440
9499
761
856
682
3967
820
5200
9865
7924
4644
8311
7718
1902
1585
5536
2742
5224
9351
9494
5703
9006
1730
788
2411
8545
847
9475
8334
2935
1890
2225
3881
8499
4199
5309
608
2097
7727
8901
6882
5246
7582
7633
3350
2685
5338
1155
6650
261
4074
2787
5527
4408
5809
3895
358
2252
6461
1138
2530
5676
8941
7630
5484
4885
1130
9481
2907
8215
401
4868
1861
7150
5825
2145
5784
2378
7051
3563
5713
6011
7716
6933
6911
7998
5290
7436
8684
6896
5825
8012
3565
4936
4474
2579
8985
6582
7823
7514
167
4699
6305
8657
9569
9310
516
9405
3164
9808
5908
629
5079
5821
383
1051
2459
3362
9471
4568
6370
2464
6745
275
5553
5081
4121
6464
6103
4595
8141
9835
132
7524
8233
5474
3314
3427
3883
5899
4409
3151
1088
4070
9096
2619
7279
4973
2520
3751
5976
6461
6436
3792
819
8027
1248
2843
6000
8054
1299
6355
6791
4181
32
895
2703
7836
2173
4889
7351
7030
9803
447
6392
3901
5861
2291
3220
5700
4624
2148
6558
1533
3501
8397
4661
3453
4820
9871
3999
8586
3737
7247
3895
6418
1772
5186
2717
3929
2762
1557
6207
6562
1191
641
3101
8191
8319
2488
7401
107
6702
2945
8828
4001
9903
1016
7067
2154
9327
6571
8992
2192
7354
2568
540
3727
6257
3126
3978
6041
613
8350
7251
9520
879
9632
9382
5527
9896
7998
6831
1847
701
8314
1891
810
1580
8223
6392
8095
2252
6818
5952
387
6223
5227
2421
7881
2886
2519
580
2151
8256
3742
2996
9168
2288
8224
4670
910
2662
8022
5699
3912
7022
8038
1156
7581
2807
8949
9564
152
60
715
6557
3096
3980
8756
3088
1963
8198
4260
2005
5435
6135
6169
4246
2541
6079
1268
6006
5156
825
4622
2062
3536
128
7576
9212
9984
9604
5879
3155
4448
1894
381
4458
3446
5825
6866
979
7964
4274
4446
7725
5549
4840
4997
8441
6031
5587
74
5031
3399
2428
1994
3973
5984
2848
8509
8317
4148
1704
6284
1005
4756
5812
8106
4949
9123
4862
8314
6048
3802
1692
8542
7125
289
1258
9250
9320
5990
1249
6006
167
638
5293
2303
772
688
9963
3682
7593
826
4591
477
6845
3288
5254
4580
7024
2071
3177
6143
6945
5527
4411
6114
8412
4421
342
1474
4805
7243
3266
9513
9471
412
7660
6953
4617
5189
981
7189
5358
4855
3301
2666
1586
3096
7750
1372
7958
3692
4026
7928
4267
5431
9465
2227
6077
4554
5412
4179
5125
4460
2959
4951
7570
9720
9037
7654
5307
7893
352
6591
4001
4563
5229
4319
5352
3791
4155
2388
5674
9173
7374
5793
1124
7785
6167
1851
9500
134
8392
1706
2385
2213
503
2702
8980
313
846
4005
8569
2457
9297
281
4026
10000
6862
8554
3074
247
5805
2033
2558
5444
7931
5267
6539
3716
5517
1441
5793
8016
4260
1719
1464
4959
6749
4141
3046
1921
4053
3322
3052
2570
1263
6792
5535
32
8425
9211
9436
7861
9460
990
5971
2589
7608
8233
2627
3722
9676
6251
2709
7754
8671
4789
8051
6781
3573
9294
2027
3705
7948
8841
7538
4330
372
4916
1029
5815
8150
3387
8470
8636
1833
2214
5611
4268
9104
9316
310
4996
2161
4826
2261
8331
1950
650
3383
2924
2921
9494
7571
5782
3476
9388
4693
6856
2409
5791
6450
2333
4163
1890
4658
5987
2697
8875
3257
8652
8807
4212
958
6107
3797
4345
91
8834
5473
1472
8588
300
862
587
7884
1145
7718
4976
2896
1295
6354
3632
1660
2800
7367
4238
7312
2519
6485
2507
3968
2395
5930
86
1167
7863
4267
4781
4469
3803
593
6117
4347
8709
6014
1129
7896
3036
8590
9547
5385
2673
4435
4894
4565
2209
3006
491
5954
3582
6008
5553
1526
7574
3413
3592
3188
9364
9927
5787
6439
2822
9177
1412
5857
1816
820
7879
9044
6241
6106
7479
5608
7960
6748
1779
2518
4808
8642
1960
3022
7539
4376
5991
7789
570
3979
5567
2003
2106
5355
250
9884
5563
5598
3332
8794
8060
2599
622
966
1395
9537
4807
4228
235
2232
7696
8435
7787
4327
104
9712
8070
395
9872
7364
2560
9031
1984
4828
2810
2236
5167
4605
6768
5740
9802
2436
2395
6357
758
1453
4587
2206
4197
8783
5836
4516
3235
9598
5073
2425
9694
3756
5059
6496
3792
4033
5767
8101
8343
8045
5664
5228
8902
2851
1280
5296
9589
854
7672
4144
1947
6149
4268
4346
9527
3141
1898
2740
7936
6058
4106
2872
2338
6035
9677
9048
8508
8969
2893
2512
305
1456
5151
6228
3892
4536
8731
9396
2319
6643
8218
5095
6392
1396
6713
9273
9336
5015
5820
7249
2261
1151
1919
9441
6714
8818
7255
4450
3563
7471
2895
7138
3473
8320
469
8078
4377
5625
1796
9661
4296
8128
9832
2793
3185
7348
2312
1941
4182
8645
797
4876
3211
9744
8237
7936
9950
7450
6221
1130
903
8863
8575
9906
5874
9741
7569
3147
648
9815
1951
4450
2988
469
9522
384
9051
5576
1487
813
4546
9085
8677
6641
7995
2109
7088
8619
3841
2594
8359
1639
8426
3242
4822
3712
661
543
8185
1340
9690
2299
1750
7625
2217
2410
4885
7323
6539
9401
8992
6712
1255
8419
4563
7487
242
7129
9749
6536
1940
2386
6204
2806
6826
5216
7884
7161
8589
7840
5123
9761
9895
2226
8408
4307
7893
7991
1387
8179
3843
4905
1363
384
6171
6520
3057
595
9692
2771
3752
4426
8230
2197
686
6281
2066
9881
5009
3399
112
3808
4821
6102
1093
6453
386
1344
5801
384
4656
4459
7447
1710
6295
7058
3539
7558
4103
9132
2249
6974
5968
2736
9123
500
1300
2248
2231
101
5393
7774
3246
884
1856
7232
3265
6008
681
4777
6422
9919
6074
9269
5029
7687
1325
3219
505
6155
8290
3930
1359
8761
4698
5741
2154
3704
5736
574
2142
5251
5525
8979
9954
7926
9065
6894
8104
5234
6634
9054
3962
4201
2607
667
423
6654
2592
104
6941
7428
6091
7255
839
3563
7990
4200
7204
2781
3907
8362
8056
6352
3983
5793
2334
157
3422
7519
6044
3634
4287
1882
9454
6470
6103
6012
9896
6782
2905
6172
1187
3145
1163
4937
9016
8501
6954
85
3337
9651
4964
1417
7677
9724
8458
4067
1159
2742
7543
3319
1820
3622
7902
7312
1035
9865
5252
6559
3719
907
7427
5502
2956
693
4052
7829
5404
8331
394
3530
7887
3486
858
1334
2693
1359
8409
6850
6057
7641
5565
6703
5191
8839
8611
8256
7208
8543
4284
7955
6919
2935
3281
279
2152
5995
7796
3787
8698
7625
5809
9118
358
7573
740
5116
4478
1963
1620
5063
9430
4095
6817
3227
9415
8361
6095
9115
5407
3645
3245
3140
2854
1848
4616
5965
4847
3563
8550
5747
4059
9508
4954
8202
2895
6079
830
421
5248
9474
6086
2097
6339
8580
8762
6930
2435
3631
6933
6772
8657
3957
7744
7623
870
720
6988
3004
9490
4029
2425
1394
6030
9832
4686
4882
2045
4124
3744
4716
528
5487
7957
8167
5660
5432
7431
4200
4752
210
3028
7362
3219
4636
4020
7446
8658
7654
5033
7692
269
6352
1653
7850
7513
367
6973
8808
5216
8258
1434
6515
2474
7017
2953
6145
5633
191
3616
968
6755
7933
2904
3570
1391
5255
9460
314
7598
8481
9473
5262
7777
8879
499
3355
8692
3604
8223
3285
3817
5916
5138
4856
9093
1067
19
1467
3351
9304
3598
106
3814
6665
3352
952
6858
2386
1656
7560
8505
2475
5243
9682
5145
6952
502
3173
7700
4705
5899
4247
5423
5586
9
3306
9722
4542
5493
4095
1074
2227
3190
5077
3014
5370
2877
9380
9021
8250
7536
1117
3588
6582
2193
9202
9630
7498
9777
4358
5836
5074
7693
6966
9379
254
5979
37
9647
4520
5995
3973
7863
5607
6314
2730
6546
9730
893
3507
6355
2841
736
1635
4496
2373
6909
6452
3983
3404
557
8274
3948
1701
3675
1190
6021
1277
7327
2156
184
3078
7522
8542
9899
2294
9338
5867
5670
898
2232
7003
7658
4273
9047
7000
6290
1811
3868
769
4345
263
6501
8739
3945
2728
2861
5389
4758
4754
5228
698
4374
7881
7564
5401
1809
3219
2902
9264
4576
4188
8205
1767
174
3674
4996
4138
4552
3579
963
2901
7140
7521
1462
864
1475
4485
895
2650
8986
3994
5006
9883
300
5151
4512
2142
4531
1954
1944
6552
8339
6448
14
3866
2086
1828
2689
2609
8137
2246
1113
876
2987
6298
2336
8268
4233
1208
6464
15
2309
3909
7929
5945
6785
1648
1461
6717
4162
2412
4585
8393
7242
5523
3050
2296
2161
5767
2401
7954
2895
1812
1476
9327
2360
1912
5833
3913
8775
4074
3139
2987
8092
9932
1523
242
5624
1184
4849
6635
4914
4355
9716
1510
9807
1933
5401
2591
2402
3583
1405
5742
4567
5040
9839
5656
2570
7103
1471
5015
3751
6159
8085
8863
5971
717
9838
9481
9442
8277
9648
7334
111
3396
9413
9016
2977
5875
7813
5133
4626
840
414
9704
5601
688
3209
7217
9737
2387
664
2657
9494
1314
221
2016
3870
8610
844
5104
2843
8215
1845
9083
220
1258
4671
4835
4821
5358
5435
9381
8952
4638
7333
7603
8191
1142
4661
1013
8843
1743
3098
8990
4014
6808
6619
4762
1593
9867
2221
8164
1350
3180
9640
9035
1393
3190
2135
5105
5190
746
3958
8487
5146
9555
8775
6309
7705
1966
1017
4421
3101
6205
1655
1010
9677
9595
510
8795
2841
3440
3687
8233
6871
5065
6224
3974
9949
818
6605
2593
1035
2597
5951
3362
1272
3696
8894
5973
3427
2149
5838
6267
1690
8467
5423
4382
5489
2036
765
6826
8034
8434
5555
2113
9071
8377
6982
8996
6004
6186
9144
6725
6748
7260
3460
8997
1959
1442
2746
2320
4289
5186
4030
6478
820
2167
5840
8429
9785
9094
3275
2632
161
2269
5222
5234
8406
7974
4747
5013
97
9067
7433
5837
2099
5495
5135
4827
9657
7157
9125
5612
8376
9490
3142
7469
2387
5422
3391
8434
9600
653
3509
9935
861
6756
3097
7724
8567
3353
3282
2201
2987
1155
9570
1517
5207
1007
6652
4130
4143
1788
8993
2312
2048
6689
588
8404
8119
1181
4689
9700
1798
7189
986
7815
3327
4564
8635
3965
879
5620
9324
4132
5492
4314
3350
5167
1227
3656
8627
8252
9629
4748
6933
1282
3906
2204
4024
3355
6693
4298
5007
9693
3071
4090
8440
3606
7620
5759
9040
6834
9696
2082
2059
9216
2295
8439
3605
2334
2549
4161
5945
4750
6865
9257
8971
8064
2684
476
4725
2636
5565
4045
4436
3033
1380
6087
6126
9076
7120
2885
1603
6776
8161
2451
9016
7441
410
5252
8246
2515
4432
4847
6457
7939
4728
4550
6946
1534
6754
9517
7335
3124
7639
105
7042
7020
3323
5736
1927
8395
8450
7969
6553
5287
6841
8351
8004
5212
9432
9256
2377
7792
7030
3262
1380
886
2780
8600
9261
7577
2164
1697
5569
9896
7237
7546
6092
8624
2672
7689
6580
776
7162
4830
4322
9988
4884
613
4686
5474
2929
1969
6794
6939
5023
8013
453
9028
849
936
6013
5114
5235
9836
8107
9005
8778
8197
4446
2311
5108
4568
382
294
9040
6850
4708
1951
8936
8316
6997
842
3004
9504
5338
831
7661
8841
7731
4160
672
8143
4822
1320
736
7357
2597
6978
9054
3476
6702
1206
6002
6766
9353
5763
8250
7594
1518
3542
4009
6376
5467
1438
5692
8809
5852
4096
1306
5686
7798
7597
1323
5133
5359
1358
1109
7783
6034
1732
7900
6062
8362
8286
4681
5713
6099
4842
27
7968
3428
1741
243
9217
1197
6014
4126
8930
1069
4821
3472
7377
3433
4783
6702
1264
544
4338
2333
2107
9502
999
6793
269
5976
4156
6059
2440
3663
9007
1288
6528
3854
7386
2690
4360
7864
2392
2557
1713
9572
9736
146
8235
2891
446
7876
5463
8310
1069
6526
6294
5494
24
3664
9412
1069
1339
8749
2847
842
1662
5781
3863
4586
6942
8075
7472
8922
6298
7057
762
1293
9021
3821
4303
9707
8440
6423
1874
7882
9406
4438
2341
8507
4889
3499
2946
3381
6502
6221
2582
1274
7397
6082
3379
6568
6663
7819
5190
8849
7643
303
3378
3095
7165
4522
8571
7527
7510
6934
5604
3380
2453
1425
549
8496
8071
540
596
8468
274
4169
9990
9683
8422
7971
755
3861
3607
8034
6162
4187
1957
4139
1810
6428
9929
6431
9345
7464
4218
6189
6825
5185
8991
8719
7517
7325
1772
879
1662
17
9333
111
4072
810
2439
7049
2251
4254
4715
4990
9577
8339
4382
8654
9668
1046
9512
2623
6249
5064
8251
9358
368
4300
7526
4939
7775
3763
547
3133
226
6241
9304
2446
9438
1195
9845
5577
7874
1689
1667
9430
4352
1050
9103
6592
6556
3763
4746
2156
7220
1973
8406
8253
2609
8794
5026
8588
1953
4704
7089
8717
2591
6936
2668
9305
575
9026
4519
8317
6911
2884
3812
5267
424
8914
5942
2131
7864
8930
2733
9875
8801
7216
6375
4449
6270
5406
1434
8337
7790
7382
7019
8827
8970
4347
1230
6050
2333
77
2881
2915
1863
1744
7943
1744
6879
8697
5343
6061
1715
7485
407
8569
6364
8553
2271
3392
3319
5672
8862
4294
7379
8604
2828
5341
9846
391
5239
5822
8346
5264
6529
4969
131
5526
459
4289
9226
3834
807
9938
4297
2840
1260
330
1658
4839
6089
4431
6076
9370
3329
6281
4030
8502
2196
3330
110
5499
1389
5204
6751
4253
6661
5188
7337
949
3155
5589
5687
6997
2951
3110
5874
8071
3669
9179
4091
9525
9245
6166
5036
1119
893
3871
5656
5910
7632
1500
7588
4629
428
1058
7382
5027
8274
1527
3009
6663
2744
5370
4781
6897
2101
5501
3824
721
8701
5318
2581
4872
8031
5861
9517
1358
3379
4523
1796
2282
485
8860
6096
1946
2055
6516
2718
9503
8884
9894
7900
6736
8041
7944
1916
3611
346
2155
5271
6772
8132
9321
8696
6531
9313
1706
5013
6943
7126
4842
8244
8605
889
4999
1813
6987
1303
9501
3845
8614
4566
896
9063
8061
5495
6590
6210
1392
4291
2189
554
4373
7944
2530
4963
9898
7833
8866
6620
2594
8101
3171
6973
5457
6392
6307
4186
2730
7604
3936
3399
9948
4841
4387
2242
3674
4817
2181
7385
8613
5110
3333
2203
5949
9571
8474
4470
7635
1744
1112
3765
6870
2187
9630
8775
7939
2982
8246
7988
1906
6699
8592
7842
3746
8403
6225
9873
4017
9148
5118
1822
3343
9293
4873
8545
5175
2016
5889
3477
2779
6224
9486
1797
7612
9683
2083
2265
8340
5398
5720
6383
620
9852
5372
8098
8225
3375
2041
701
873
1284
5321
8689
9289
8856
2976
9592
3694
946
1971
5031
2727
9630
555
8708
1626
6043
1723
9136
451
9236
1664
2985
498
5315
9065
5980
7589
1364
5391
6093
2773
5545
6319
4137
1682
4402
1168
2671
2711
2955
8027
482
3129
3418
5529
2720
2269
7930
8887
5771
5931
8038
7250
7380
1379
7684
7030
6828
7192
641
741
3657
7395
4307
4956
9906
1379
9019
4264
6297
7551
1122
1020
6037
1855
1375
5444
712
5281
93
8783
2191
3378
4623
8942
9341
2246
7053
1716
7930
8160
3407
8404
8626
9747
3712
3610
7823
3505
8251
5310
1342
3871
360
2154
8574
3963
6920
2588
2103
7922
6204
695
1677
3012
2787
2855
3272
1915
2535
963
3170
6717
8376
6744
4714
3028
5134
6369
2240
2947
2789
6756
8298
1148
4042
3188
9735
765
795
7224
2203
8026
4035
8955
6637
8358
2176
3815
8119
5801
8331
6518
3442
8650
5571
5266
571
9878
7960
5562
250
77
1045
1697
749
9181
2576
5773
1444
2625
4685
1613
4564
2524
6755
123
4373
8930
5680
4943
1806
8623
6795
1715
3298
5245
2912
8997
4638
8169
2741
9311
2264
5476
6605
3661
4942
4827
4352
3641
5375
1249
3053
4457
8174
503
7499
1671
2030
8066
8919
9788
9002
1615
5729
8161
3366
7602
8544
1079
4231
8561
7826
4528
9297
6259
665
9699
9879
2040
6465
3766
1693
5428
3069
7527
8268
1415
1117
3617
1451
2540
101
2539
6631
1859
6985
8332
1147
6729
1425
6096
73
5523
7137
7705
4940
3271
8856
4469
270
3212
9968
98
9301
1153
8144
1631
3059
6445
1372
2741
2418
8700
1969
3530
4088
1803
7922
6397
2209
4464
7670
5128
8303
9817
3093
2518
2958
7731
5992
9501
3544
5988
9519
3038
6434
2753
8771
4491
8402
5335
983
4083
3357
6847
9503
2229
923
4429
2307
3302
4051
5578
6498
5064
9784
4742
1476
607
9564
9023
6286
3730
2651
296
2941
6081
7660
2703
3451
4701
4055
8221
7135
4218
1510
1073
3250
6897
9207
9398
3778
7122
2537
5305
4902
1518
3955
8164
1425
6744
7007
1649
7471
9217
8622
4091
4100
7915
640
4912
7998
3297
41
9985
5218
1530
7326
1941
1650
5260
2582
7289
2286
7668
4530
3445
8977
8448
1065
6138
3071
7443
7246
2271
8713
6774
7039
4999
6777
9533
6355
6686
1688
7880
2451
7172
2639
5028
7245
3249
5741
4794
7566
5903
2002
5014
5233
4981
3661
286
5403
3401
7845
8578
6917
4805
9505
2745
2617
2825
8617
9243
9088
9550
5032
6783
9329
660
3030
2312
3939
6250
1488
6473
6916
5725
4091
6870
7153
7554
6999
2957
453
9774
5645
5868
9159
9144
7731
2957
5825
2581
6080
8089
1740
9842
7921
2279
2490
9023
1592
8537
4946
5795
4800
8125
4455
1774
3682
7716
7274
6240
5249
2780
3678
4789
66
325
7813
6575
8715
4871
8683
9156
3774
6406
9049
7360
8015
4914
9715
7355
7614
4231
7679
8250
4160
1257
7371
3834
2482