5264
5210
7395
511
500
349
4219
1359
5925
6755
3475
6223
6708
2594
6838
3257
4852
1427
2683
2174
5155
4486
784
3966
6680
3910
4220
7183
606
5942
185
1
1430
1370
886
3147
6773
4266
6000
4375
6997
5399
2704
6156
1892
4358
5466
4196
6435
1870
7470
3944
5600
1811
2033
4101
3007
1014
1172
189
6149
5880
2228
276
537
1486
3898
6549
7963
6130
6180
4031
1011
1397
1101
7428
3495
7851
1677
1123
3148
1819
5826
3954
2811
2663
1346
2899
1478
4244
683
2680
2607
1560
6601
3859
3715
5254
6949
3945
2979
494
5465
4703
217
3357
2160
6595
2535
5356
7423
2103
4504
2177
4620
7742
4739
6484
6543
3705
5660
84
1613
1669
7336
3465
5583
5697
317
1301
6582
2579
3673
5564
3266
512
3747
609
1070
782
6101
3342
5135
1691
1188
2774
4402
2589
6707
5756
7898
1340
7507
3254
1412
1174
3524
2359
3402
5136
430
5361
974
5578
736
7112
4986
6
1411
6111
1526
1390
5222
2316
1490
88
5627
7706
5753
5350
1166
196
7378
1388
5522
6339
4388
5753
2306
3951
3098
3086
3142
1108
921
4544
495
3712
6293
7326
5110
536
2584
4520
7087
1041
3318
2790
4343
5701
2362
6325
7507
1056
4409
4764
607
4391
4596
626
2005
4945
4181
2970
6431
814
426
6213
6328
919
5813
6254
4532
4944
2262
2564
2756
6473
4356
5646
6779
2841
3783
3534
3209
2211
4633
5763
7266
962
3309
5471
5943
4886
4837
6162
2785
4428
6734
7641
5757
506
6599
5503
4522
2696
765
7757
457
6774
125
6436
1663
2528
5380
4286
5778
5370
4974
7612
5512
7893
6843
3293
5160
6170
6174
5474
6475
1947
1150
7416
4371
3694
7965
1308
7707
667
4618
3374
6131
2114
1413
3073
7304
6566
4703
2123
1066
4530
6680
4434
5646
7516
6746
4997
7182
3352
6057
1366
3299
5245
6092
3145
958
6132
7381
1100
5284
702
2482
940
2078
517
3127
2332
1187
3487
3842
6336
1106
7337
3449
3325
7703
7631
1314
1727
7952
2605
4199
6230
2956
7693
5927
2765
4943
2639
6482
4938
1828
2882
612
3042
7835
2215
1264
6731
2058
4259
5686
6110
7341
1195
3745
5764
7039
2606
4462
2189
2559
2988
3339
3629
6918
4958
7280
1306
3790
7237
7352
4249
4021
7784
4481
899
3411
7598
3744
6666
7482
5460
1145
6721
3591
6262
7955
7404
5092
3537
6699
5276
1634
6353
684
6861
4671
1857
2621
3780
483
4617
5224
4144
1903
4533
2075
7821
3008
3880
6336
7920
3415
1347
4311
3360
7946
4191
3274
3977
763
42
6945
623
46
4318
3216
4239
3964
4904
3584
6275
5203
2467
5427
239
3251
3875
6578
6648
6342
4637
487
6739
1790
4899
3557
6040
4625
4790
4631
5029
6752
6075
218
5470
7263
4136
3223
5675
1412
4394
4586
2644
7560
456
3987
4569
4775
6770
1245
5087
3680
7069
1492
7995
4302
1980
6323
4099
3020
4885
2371
317
1226
2638
4620
6247
1491
6125
190
7508
4613
439
7130
3902
2812
1806
5000
6984
7696
2766
6914
5792
7782
338
6528
2394
244
2026
5873
32
5219
4631
3989
7256
6482
7538
4486
4413
269
4737
721
3859
2624
1041
5193
3501
7389
5821
1663
429
5604
5644
689
7799
6260
6189
7290
338
3301
4795
4448
4217
1686
1026
6325
7778
148
3261
1066
5062
4574
2184
5506
7247
942
5843
7295
6038
1599
1957
2540
3457
4476
328
1032
751
6354
2343
6301
2509
6616
2654
666
1157
1942
4597
5343
1266
5913
4403
4132
5006
6099
1476
5099
6733
2112
3724
5625
5323
5954
7632
3506
4563
3207
2101
2518
4967
2391
1953
7232
3397
3078
223
7807
4153
6126
6573
1138
6371
3052
728
835
2887
5854
4002
2755
7056
5562
7261
1154
3678
2411
558
704
4297
3569
2785
5749
3769
7139
4355
4204
2800
3892
5250
5085
747
3110
3952
5502
2425
683
1006
5274
7253
7645
7510
7287
7828
3332
3059
4505
5809
7195
6821
4893
477
921
533
185
1207
1604
4822
1103
7257
1602
2870
1337
6074
2946
2075
194
3480
124
5753
4555
5675
376
2904
1788
6686
5293
977
6302
922
2575
1971
6071
5373
4345
2795
6365
5247
2472
6650
7089
2455
4913
5108
440
2740
7852
3084
2824
675
7691
4507
5041
3088
512
3435
4818
1526
6222
908
4333
2899
4219
5133
7728
4017
549
5405
78
2612
4511
1503
2639
7811
6949
5725
7592
6129
6354
126
414
6268
6856
2718
5123
1387
5333
6435
724
4444
7417
6506
7904
3981
2750
4103
7148
5480
6672
2362
398
1134
1074
2075
4810
2549
5077
6836
2395
2202
5912
4976
2061
3459
623
7951
1158
2052
7099
6471
5446
2247
1617
3719
1488
4031
6615
4482
6085
548
7372
6449
3438
2936
4855
6017
5982
4438
7158
1134
35
2
687
1113
3038
2397
2987
5229
7190
6202
4044
4296
698
679
3241
1983
7371
1008
7915
803
7959
6328
1817
7559
2681
6162
1974
1164
3354
4792
2862
6114
4706
5407
2092
6743
5507
2728
1597
2368
7590
6261
4974
188
6358
2219
3444
5485
1039
5538
3805
5901
5709
7755
7708
1636
5830
3811
1574
1814
194
575
7154
6651
1452
7544
7212
1529
5169
4817
1288
5265
5463
5251
2743
3616
1004
574
4460
3615
1332
5227
4857
5584
4171
5325
7938
7290
1464
5087
5002
6282
6526
6845
2122
3323
1488
4506
718
2985
5235
7515
1060
673
1246
4452
68
2547
6925
7031
5777
3203
3364
3037
7227
6265
7319
3687
4802
1013
3442
4335
471
1979
6125
266
3208
636
2150
6700
4238
1875
7659
6604
5149
883
3065
6457
6190
544
2743
6988
7103
3706
2156
4650
2034
6397
4075
6208
3098
7633
3894
4041
3348
591
6432
7186
4005
3931
6356
7494
3899
3218
5119
6043
2560
1682
3522
7577
3434
533
3535
4054
157
439
5589
6680
5313
5611
7464
2927
2507
3550
181
5651
2657
5460
1032
3080
7257
717
5461
5766
7583
7350
3554
2873
460
2217
4244
6400
567
2615
6309
4143
4267
4739
7044
5580
5928
7698
6589
4203
1131
5245
6230
2673
1685
5593
4794
5780
5392
2470
6077
733
146
7073
4689
934
4762
4877
1868
2453
6080
4545
1220
3352
510
3691
6850
6936
3034
4993
4699
4027
4549
4837
1066
5903
5091
891
2323
7824
1505
3541
3829
190
7057
6845
94
1247
2327
6561
2317
2264
3734
1479
921
2332
5690
3528
5939
2935
4530
6876
588
2020
2544
7594
455
3617
6839
7225
7576
4342
1158
4584
6810
3290
5271
4595
5534
2950
5844
13
6194
7516
6835
908
1611
3461
7854
1571
3324
4710
6528
4675
1573
2802
5843
2078
3998
7459
6902
7732
2058
4818
3583
3832
2202
7459
2774
1035
6028
4897
1597
6255
4770
1106
6990
3642
1743
5977
3616
5901
6245
2393
3844
2437
2308
3388
6003
1450
1625
7501
7039
496
2907
6635
5493
1866
4897
1613
6855
7366
2778
1060
5659
5812
3578
579
4315
2410
6193
5957
1324
5024
6394
3010
3251
1606
4685
381
4363
653
4251
2727
2311
2424
1562
2481
5531
5776
232
6019
7538
4241
7493
5121
2438
6120
2092
5911
7443
2815
3550
4971
6481
7753
6854
1353
6468
547
551
1194
4599
6263
3084
3775
2970
6233
3333
6577
4557
7271
3734
6965
7033
878
1366
6823
2965
7408
4782
4702
2672
149
4638
1841
28
4398
6055
2429
7221
4743
790
118
3849
482
356
6513
317
671
1553
3228
5358
4709
5778
1785
5781
1645
1451
7029
6981
6504
4727
6975
3428
4545
2685
2593
5156
2106
7236
5422
1983
1853
5191
6877
6463
5284
7956
6396
4152
5590
1619
2197
7917
7836
5928
7230
5832
3058
4907
4311
4756
2667
3108
2593
6656
5982
1678
3242
7194
5051
7419
1186
5570
1659
1465
3040
1303
4459
2745
6445
1991
2233
4371
7940
3625
6886
3749
7444
7048
7537
3945
2733
4523
7817
3540
1096
4472
2414
2130
3756
2025
1755
108
4020
1914
7650
3020
5428
1673
5056
6484
4731
2107
649
3121
6615
2050
7718
5784
5251
7350
1767
2591
6641
4847
6280
12
4587
267
2484
4312
3910
4622
2770
1289
6988
3412
3227
3126
2870
3809
7461
4988
6722
307
7312
6751
236
5636
7772
3492
6838
1086
2378
6171
6910
1825
1947
650
1594
5345
325
6352
7522
3578
4737
1134
4750
6494
5567
7381
6447
4230
6923
6388
379
4101
1088
979
2599
3201
6049
863
2720
6945
1174
1892
3251
5061
6189
7354
4939
6199
6013
4825
6317
2735
1031
3769
6953
3991
1851
1288
6606
1913
1394
3079
2161
542
225
1672
5820
3156
5696
3489
3633
2956
4705
4095
628
6662
3442
3023
6863
4400
7804
1707
3725
3364
7087
2721
5611
5737
120
4134
2239
4091
624
2577
3731
5470
2884
5097
3438
7485
7589
4322
3414
7297
1905
2877
58
2486
7305
1386
7155
2827
3303
1583
3510
4908
5516
3959
832
2444
3542
469
2154
2823
1560
4035
6327
3724
1183
6231
3614
5209
5277
7872
2841
3967
4802
2151
510
1733
5534
1162
2764
1256
7406
2686
5874
5002
6428
5600
7251
3336
7526
2417
3247
6511
4712
3659
6865
1711
5097
1712
621
1865
5190
3101
6213
5226
2046
786
2891
2741
5068
108
6179
4560
7656
2957
5836
6121
4767
6201
3319
6328
263
5580
7807
1146
3614
5560
5428
1443
6567
3636
1480
695
4432
7500
4610
4934
6487
3236
7458
5127
5951
7602
2806
263
7915
3700
143
2953
2119
1239
1555
4379
2855
4234
6789
4980
7996
2487
7508
2694
7974
7504
335
3392
2598
388
2687
7373
3642
3452
6238
1877
5540
6906
6850
3204
2411
490
1432
6426
2820
6395
7146
2742
876
5183
4482
5224
5035
4263
7345
893
1834
5724
6005
6783
7694
6356
7107
6746
6900
7796
3428
7324
2571
200
4424
5547
2615
5937
3409
2428
4958
5306
6022
1585
505
6843
7353
408
825
7571
569
3618
5350
5545
1268
7303
4543
1198
7770
2903
1846
3759
6050
2279
4323
6019
3451
4919
3248
7926
4310
2726
7480
2615
261
5502
5373
6285
825
1752
6693
1965
3157
4808
7687
4539
322
5175
4839
745
2953
3234
5156
6923
3042
3805
2856
7511
3268
3866
6108
21
1603
2805
4197
2713
6228
6415
3706
4717
4214
6449
1442
6001
7460
355
3359
5522
1734
2641
6403
4194
960
546
7793
6945
1395
6419
3558
1808
6545
5467
2789
29
736
3379
3100
5306
7054
3614
2689
5444
841
4983
2983
4786
4773
656
829
7752
1530
4622
2088
4557
3467
1865
3037
6571
2730
670
112
2476
5112
2756
4213
3506
874
3877
1626
7434
6583
5195
374
6800
2594
1579
3871
5956
1741
2292
7478
5571
6843
3460
7921
630
7351
4699
96
427
384
3399
1940
5092
7650
2041
4292
2710
3428
7072
4452
7528
4911
4596
1313
5970
2358
3465
238
2806
342
6167
5036
2100
6889
7304
4594
4836
4979
2489
2253
803
7209
7616
5336
4640
2024
1538
667
5416
5574
1419
5985
2184
1406
2078
245
1112
2174
6510
3886
6796
104
2021
3119
3369
6262
7597
1739
3827
5233
7557
2886
6988
5154
1574
4848
786
7962
3907
1352
3240
571
5567
2404
7758
3561
551
4230
5118
4282
3880
744
3048
264
171
514
2449
2099
2727
1519
7198
6963
3163
4754
6351
4514
6196
4826
7725
7143
7343
5895
4578
48
1056
6890
873
5822
1057
4852
2121
2868
411
4037
3909
6358
2588
2526
5593
5012
487
7260
5478
4486
613
1908
5466
3975
7472
244
2388
2887
831
4731
754
6628
2209
6398
1788
505
380
4890
7431
6943
1408
7033
3769
2482
3240
6600
3096
6906
2725
6414
3251
6208
6002
3122
6495
97
5666
5401
5991
7983
7708
2575
572
2484
3196
1627
899
201
2802
7280
7716
7448
207
750
7936
6783
5528
2500
1647
4331
7304
542
5498
1056
679
6188
1075
7336
2788
7673
5213
3141
5358
2200
1074
5989
4782
3025
1386
498
4239
3288
7331
2222
4926
3265
6546
1594
6177
2509
1694
7222
5989
7654
5375
7319
5405
3002
2008
5981
610
1893
4916
6568
6756
6795
7690
578
3532
5984
6729
2942
7289
6762
5453
7464
7674
3467
3507
7786
3770
1937
2486
375
4912
3033
6446
2731
474
4507
212
5406
2933
5785
5773
6669
621
2960
5846
4914
6652
855
4072
6842
356
3815
3297
6279
2760
2161
2716
5540
6498
150
2704
3367
684
1945
6807
4284
6521
2389
3414
5486
4670
246
1432
134
5412
4999
222
28
844
2629
3548
5023
3009
5339
2664
7983
4578
6872
7332
1589
5527
5662
5966
944
4126
4592
3753
4987
5292
3444
1905
4042
2407
6466
375
4121
1719
882
6233
1532
988
7650
1894
7730
6127
5451
602
535
1253
7745
6818
5842
562
2240
5929
6580
7867
2653
2017
5098
4339
1163
7286
4503
2801
7132
2239
1865
5203
2247
7096
2547
5131
1076
4011
3163
5749
1545
3335
5891
1438
905
1046
5018
2817
83
4792
4793
3549
6109
1043
6875
7962
225
7260
4826
7457
4475
4130
370
1190
4058
5188
4185
3791
5067
1096
5195
6293
7240
1117
4788
1908
155
1903
6142
6686
7254
5354
3855
2954
5157
911
5693
4041
3244
7145
4604
4863
3155
4410
991
4100
1810
1242
4001
42
6967
7483
6755
4404
4202
562
3235
6783
7369
1458
2320
264
428
2514
2264
4438
3137
3462
7013
388
4393
3743
7474
7335
5460
5688
888
3744
5657
2771
6037
1474
986
7264
6822
7693
7616
5668
7095
4556
509
4142
3842
7381
6419
6292
7356
3292
4311
6857
4687
465
2042
632
190
7763
1378
5324
4885
1445
6547
6376
1044
3623
5129
4898
7394
6624
7004
4071
7178
7752
3819
6756
332
1958
1257
7071
4197
5673
6395
6358
3854
5648
2275
7307
6258
846
7219
4596
3142
339
1334
1281
3796
2792
1109
1602
3294
1525
1497
4967
3457
130
3108
6714
2260
7116
4286
7846
7111
1482
5453
5755
3198
6088
5941
780
4216
661
7621
414
6782
1423
2356
1996
4114
7122
2746
4186
2949
1011
3905
3306
2216
3276
4029
1610
2927
2138
6567
4428
5197
5262
3283
5278
2775
384
3033
1764
2758
1952
2579
2185
2073
578
4239
6957
5459
6275
2643
2231
5011
6245
3992
4851
5366
2733
4901
1301
5629
2408
5081
7443
4798
6077
1193
4674
3965
4598
3145
2810
7974
7500
1623
7968
1533
7346
2950
5024
2477
5618
4798
197
4453
6910
4087
7564
471
3032
2026
2787
6775
6696
5443
6998
4922
668
5484
2248
2229
4799
2755
3031
7940
7968
1044
5035
134
4142
6793
4996
6386
3027
6282
7327
1750
2726
6365
71
3628
4754
2075
2368
3407
1463
5426
6169
2591
2303
3326
6812
528
4762
5046
3024
6437
4578
2481
2484
1410
5266
1683
1451
561
453
5830
4271
4546
1206
3481
1455
5080
4987
4180
4105
5452
5220
1029
1392
7210
6699
5877
6635
5736
2409
5368
3404
3510
2527
802
243
5895
1557
2568
6614
1193
6571
1508
5781
5397
5471
865
7911
5732
2821
6153
3525
2629
4911
4312
4177
42
3850
4750
4758
5249
2382
426
995
3415
1953
4903
4620
7248
4386
6437
5564
5403
4733
2297
1559
1499
6995
7364
2925
1084
3491
2600
1430
6571
7371
3309
6728
7009
202
1755
7828
868
5657
6885
1911
1880
2656
2741
6514
689
1263
2185
1943
5194
1988
6729
2228
5000
7957
322
5366
6088
2804
5193
2171
3845
5299
429
5637
1564
6729
7234
5810
1589
270
7214
3302
1038
1393
2302
4659
2133
4290
7074
263
5847
6883
7206
6939
1542
7768
5739
830
5694
706
7598
508
1235
1555
3208
3742
5134
2335
877
2455
6643
4570
5670
2714
7905
2631
3071
1797
3106
5997
7566
7479
402
6636
6655
6344
1129
3199
6598
882
2029
4638
7279
1988
3358
1707
5533
782
3433
2944
1215
6136
5260
4094
2294
875
3778
6155
416
7843
7158
4482
5715
7390
3097
7772
3058
2477
5989
7933
5810
5331
5818
3306
7728
3094
1328
6931
1982
5236
4795
6888
2038
949
7139
4223
6547
846
3443
5890
2738
7517
5521
7483
1480
6073
371
183
5335
4969
3272
4958
61
7394
5642
6946
5570
969
7274
1132
7129
7475
3152
5978
4965
7706
2391
1972
669
2851
4545
2558
6514
3211
7255
228
4803
1400
6588
5638
7137
5962
953
7154
2755
2607
7946
1526
361
4136
2094
6196
3957
5809
1505
5413
1504
644
6975
5024
6225
1220
498
6553
6150
6322
3192
6209
1137
2293
5321
203
6937
3553
104
3460
7899
6945
6413
5222
2700
25
2868
2693
1239
6377
2833
7328
7489
4314
1544
6435
5121
1013
99
2894
666
1305
4309
6501
4243
2861
1370
6860
1581
2997
856
3731
7305
4869
6552
3517
7355
2291
4261
6722
5542
5426
1728
5442
975
1935
5596
2808
4269
5503
2150
2686
478
4193
4678
4238
6138
5521
6077
5569
5611
3647
1501
3440
2489
3363
7425
2115
4424
6644
5020
436
6942
2660
675
2368
7302
2658
4262
4662
7247
4322
1527
1119
5793
2633
3602
7415
2373
3222
1113
7492
4034
7907
4256
4803
2397
1682
7333
7992
3503
498
6284
7231
2840
7529
7133
7988
1115
6043
2869
7248
6124
1002
4305
3711
2016
2323
3805
4078
2934
4175
5093
1922
159
2456
6167
7264
6319
2506
3634
2969
2893
4620
2444
382
6520
2778
1966
2515
2506
7228
6441
6556
756
3437
7766
135
7837
4498
579
7563
5710
1931
3637
1392
6845
1202
4973
4884
3131
382
2780
457
1569
5101
2839
286
6541
722
3417
5615
4913
3785
6961
1564
7742
2415
6513
1781
831
2080
721
656
3878
961
7015
705
4802
2247
1294
351
6737
6290
4709
6713
6447
3080
4498
461
6125
5299
5205
6212
4136
1759
5025
4862
5373
1389
7698
1372
2936
1848
423
5828
7800
5847
7013
7422
92
7615
7318
7918
6559
4507
5760
507
7384
2797
6433
4106
6894
1031
1406
5596
2831
439
5581
2821
7730
6829
7598
2817
254
5792
3224
3815
3604
7702
5827
5000
2938
1991
5304
7903
259
3575
1152
7811
5000
2360
3044
2194
1055
6576
3969
3476
7886
4997
6254
5362
4275
3245
3570
5424
7194
218
5660
2575
2824
7718
7739
2172
7171
2684
2577
2428
1748
6582
2216
7408
6982
1645
7774
6407
7247
5436
1490
588
5531
2918
1265
6019
3834
4594
5847
2032
4933
1562
194
7119
4419
958
7037
7427
5544
7898
3875
2198
5673
3067
2011
7005
6709
1892
4384
5504
4041
4952
1643
7493
7838
3770
6468
3368
2341
7607
4708
4276
5504
1705
7878
4624
595
5739
459
2032
2678
7179
7867
239
6446
2698
1883
7771
2834
7643
1995
370
3877
2510
6872
6667
2674
2002
5938
235
6219
974
2250
550
921
5944
2546
764
5060
258
4934
5873
1831
5958
4827
3473
1236
2087
917
4134
2978
1190
6742
2508
1392
2276
4454
7303
6304
1880
7222
5540
6992
7206
1797
4808
942
33
462
2031
1292
1128
7013
827
2871
5535
3742
5973
534
3651
5101
764
7106
7087
2681
865
3162
1349
2125
6892
4487
2143
1096
5627
2327
6115
4847
2592
110
6870
1788
4760
6236
4326
926
7503
5495
7581
2769
5566
7903
2336
5127
5783
7768
7650
7826
4705
6412
5005
6540
6271
2423
2317
1751
1771
6805
2990
983
3136
203
4933
1946
5442
4798
2823
6787
6221
2194
3664
3923
4374
808
3396
6662
7667
1272
1042
7940
3506
2538
6061
5307
1197
4706
6049
4759
6923
5556
6340
2306
5458
3946
6695
4863
5693
3235
3416
4419
4867
4247
16
841
178
1391
7281
5710
4438
6972
7121
6686
920
7173
2104
114
3379
3884
7011
2690
5354
5718
861
7281
2755
873
4531
2098
3773
7097
4440
3125
3991
863
6040
3545
2478
2810
827
3756
7952
7498
4830
6807
4274
6537
84
399
4078
781
635
5757
5302
7208
5234
2910
2821
984
1280
3809
543
7093
1963
512
5042
1452
6114
2759
5403
4536
4321
1220
6285
1585
7108
1391
3586
7320
2757
167
5349
658
5913
1145
5762
5042
2883
2294
3747
4257
1132
2401
7677
6969
3084
560
4327
493
3844
5491
3288
5720
6351
6685
3706
4858
612
2449
5443
7373
5289
4292
5637
4156
6738
2074
4786
39
4058
2779
4368
2991
1385
6739
4325
585
503
4994
6113
5288
6887
669
3106
489
6783
6468
1238
5459
6208
2282
1323
5929
1650
7753
3789
4574
379
818
6931
1516
7883
4993
4552
5003
2509
5547
1571
503
4928
3361
1202
2325
2696
4033
1066
5582
6531
5679
4091
7878
2012
1442
3577
2861
5689
6850
3621
5893
6424
735
2460
629
5474
3196
2195
2115
4874
5621
7028
4767
7220
5696
6925
6001
5122
7575
6329
7187
2205
7877
6360
7622
4934
3003
2591
5476
3790
5328
3692
3950
2887
5695
2918
6216
6802
4066
1808
5058
1756
2244
2268
7942
7409
7632
316
4734
2418
7020
2634
2315
3792
7495
3651
1855
5565
361
5343
7124
5407
6272
4839
7553
7574
5799
753
6277
80
488
7573
5863
6255
6133
5632
5599
477
351
2960
2426
5838
4813
2781
6176
4968
5842
2753
1373
281
2892
7661
5808
2686
884
3222
7778
4793
5031
1305
7218
6165
4582
4737
7436
5492
4114
1120
3807
7438
5981
4825
5311
2654
6157
6293
560
4691
1853
7151
4274
471
1403
4864
4877
5755
6285
4597
6686
6594
3377
293
5225
246
7956
1725
1137
4744
7579
6420
335
3990
5809
3705
5136
1017
5344
3148
5978
4203
7452
4873
5243
4180
2389
3123
1473
6296
5690
4332
1482
3901
3678
6483
3384
4797
4205
1851
2030
4578
386
4001
2101
1954
1733
7423
2519
4748
1074
1756
1817
6261
4156
2975
5020
7673
868
7916
5538
3337
3882
5705
1359
5364
6461
2308
2463
6041
6134
4969
2864
4674
4600
2869
7555
7009
1771
1893
3099
2677
4626
5943
3003
1553
4764
6548
980
5679
7537
3237
3842
50
5292
6659
7488
6868
5195
6445
3918
4680
976
5742
512
433
1887
2359
1594
6016
4007
1202
3134
6721
6223
3190
4167
2621
563
877
1154
2732
3186
900
7101
4500
5622
6580
5008
7546
4848
6840
4066
5934
5098
3870
4386
5213
984
3851
1914
326
7401
3774
6159
5481
2022
3173
1811
3689
1867
5388
3355
2761
2523
578
4546
1697
3604
6288
597
2649
4801
5669
1250
3296
4171
6892
7275
3907
7623
6795
3623
6479
6533
5336
1785
3563
3311
13
2029
225
5572
3490
5747
6766
6467
2432
5636
562
5013
5095
4097
3446
4603
1780
3373
4850
3854
989
2455
5373
2991
6624
38
3104
6425
699
2860
4945
6540
3836
1159
5956
786
1711
782
4447
4071
4745
2966
1457
3334
3769
933
2
344
7305
4486
333
5938
2085
5197
2193
3404
5498
4258
5226
1827
2336
3267
1308
5337
6311
4524
852
6721
5200
1800
6975
443
3417
1802
5886
7192
5320
4593
3689
3575
3732
6452
3499
2761
3693
532
5588
29
5928
7422
5518
3591
2785
1792
7672
2613
2972
3620
3527
7937
4308
3766
7441
6579
2144
6572
7737
4416
7486
1931
5090
2388
682
6168
5198
4295
5352
5458
6839
6551
1219
6736
2959
2197
348
6690
3964
1397
7787
2098
1683
59
1781
1436
4188
7644
5272
7714
733
7147
7251
3744
3934
3763
2139
6890
546
2548
5755
3371
5397
2136
4343
7933
943
5688
1368
1271
424
5731
7513
1254
2149
1382
7257
6129
5110
7152
2318
7765
1397
6550
74
5682
3348
2833
2612
4331
6060
3384
5506
2437
4277
5877
4810
4496
543
5992
3539
2947
946
2840
5520
7000
5233
1942
6398
198
5771
2174
1891
2054
1713
6313
1408
692
7440
191
2028
5147
7338
5628
1295
464
7360
6997
5012
4841
7471
1856
4549
2075
7232
3842
4949
2366
7939
3937
2555
3340
2534
5621
3089
6340
5847
4540
1655
4291
4944
1085
7527
3911
1744
6351
713
3670
4218
2532
7819
1238
1434
2985
3523
3477
2390
7465
4801
3532
2752
2913
2860
375
784
314
5721
5843
5016
4159
455
3361
6165
1654
7774
2733
3661
711
6005
250
7119
57
627
1940
6732
231
6523
3008
5096
838
3595
3052
6499
7784
4558
7864
6851
3676
3297
7227
2445
4948
4624
1562
5292
73
5154
4156
6926
7214
2903
830
5803
4111
4171
1579
7667
2280
2358
2337
5973
2275
3268
672
2045
104
3509
1917
2791
7906
359
7444
6973
1874
4425
2455
7945
6226
3714
7908
6130
6009
6711
3675
6447
2685
3519
7969
4281
7879
2973
1494
5481
4362
4353
3318
343
6440
6235
6120
7665
2545
2293
6050
2471
2788
6013
3033
6884
1547
28
3424
7113
6620
7198
3084
6366
1873
6624
240
7871
796
7361
2621
4832
6564
5626
4439
527
5235
7841
2140
1378
2048
4749
5646
7437
4138
5704
2723
1960
2617
1539
1249
6051
478
1235
282
2179
7144
3022
7089
801
6827
317
6271
7380
1144
7091
2257
3633
4281
4735
4705
1272
2970
5046
5510
7893
3087
5155
2261
4929
7453
1307
7964
5735
7865
476
4215
7977
5977
589
5843
7897
3547
4224
7140
3527
302
1897
3875
2860
2667
3254
1504
6561
4898
5175
7357
2200
6141
7625
63
3047
2062
769
3475
5435
5898
572
3890
3410
377
5446
2938
3354
1856
1450
7863
6421
7690
6325
48
5718
4360
7533
716
4963
7779
1786
2071
1451
1430
3663
7465
4294
3382
6885
4330
5005
1477
166
3078
1063
1046
5200
1940
7738
1254
1712
5214
2326
3845
2751
2052
1931
7749
2084
5959
979
231
7302
4037
2750
4478
3854
3190
4563
801
1792
2891
4756
7475
137
4077
4500
4117
5555
5484
7220
6419
116
5397
89
4767
4925
7247
2771
3810
5845
119
7356
6239
969
6203
7579
6649
5740
718
2039
3046
2345
4310
1619
6898
4917
2350
2575
6077
2756
6962
7480
7015
2891
4489
4037
4431
1666
1678
4863
3509
3192
343
4904
2343
3567
5246
7321
5827
7332
855
1033
5858
2943
7589
3560
5803
1794
4955
7932
28
2920
4952
3761
3560
7787
2205
2191
3426
5195
1425
5188
5294
6658
1425
4065
3732
2801
1207
1345
10
1017
3455
3224
855
1452
3690
3763
684
5542
6864
3007
1102
5438
2119
5880
1523
7946
7839
6677
6522
3856
4478
6078
6621
7632
4851
2548
4525
91
4736
2769
6679
1051
4124
4651
2879
6683
749
6866
4109
3750
4804
715
5209
5775
5563
2639
1948
6900
6754
6189
5376
1211
86
6349
3273
6528
1460
2439
3009
7070
72
1006
1757
727
1778
2319
5293
3217
7323
6665
4309
3545
1001
1167
1971
88
4704
6694
615
7817
7823
3426
5181
4807
2912
5973
3725
7635
1560
7450
2308
5431
4109
757
6164
5866
7477
3078
4030
295
6497
642
7315
7709
1713
7060
5709
6985
7072
4573
6683
3620
392
3059
3408
6515
4404
7146
4585
7228
6140
4329
7979
2296
7689
6310
935
3704
4341
7385
330
3780
2011
1225
4743
2211
6882
7572
4892
5338
146
6616
872
5357
1703
5422
5537
7347
6204
5353
4027
3869
7269
7430
4820
7137
1029
4989
2916
6143
1728
1539
3227
2442
296
7344
3913
6129
3329
693
875
4287
3870
7645
7181
185
4628
6743
5863
6821
6542
5360
6341
6676
5365
2455
4582
2463
5328
7183
4802
3645
38
4353
7708
6838
5955
3224
1112
6488
4619
7597
6343
7249
4675
2733
1793
1354
2282
4345
4542
4042
6168
3201
1969
5064
6145
4834
6917
2861
7514
2028
2990
4205
4491
5756
1912
3487
1452
4256
5415
6505
3893
4407
2290
7881
4940
2464
879
5315
3517
1137
1944
4094
3510
330
2383
4703
3195
6558
5715
5009
3206
920
1029
2744
3276
2104
7968
3153
2005
2560
683
5705
2660
5248
2493
7309
7253
1834
4010
3076
4535
575
7793
4902
3616
7026
2727
2918
1959
7610
7411
2798
5019
1671
4123
5837
1465
2672
5132
3669
1389
4155
3849
1499
5841
6984
2721
5796
4801
2099
3244
6177
7083
5163
1060
3896
1092
5199
6548
2355
6857
5889
6972
6945
120
7733
7495
7099
6763
5593
5079
371
1987
5062
7637
92
7178
4949
6467
4953
4848
3021
7841
404
4831
6159
4425
2645
6561
1735
1257
2303
4087
943
2571
181
3106
6861
4787
388
531
2497
5715
4069
3245
3021
2069
6122
230
2888
3669
1600
1580
339
601
5903
6543
1122
1997
6554
7100
2452
1989
38
7786
3735
7946
3977
2886
7557
2856
4951
3155
1818
4902
6386
6591
3384
1159
4863
5235
152
5418
940
3770
606
6140
4502
7943
3595
1816
6520
7494
359
2893
324
7371
6939
3966
72
1398
2203
1805
6124
6173
1081
3972
7128
44
846
4392
3942
5478
3306
3714
4901
3358
5015
5501
6945
1124
3160
7413
5156
4420
3034
586
5953
2255
2023
347
5504
5070
5490
5706
2465
6000
4577
1397
5033
1544
7426
7616
3597
4594
1534
5650
2752
5800
5602
4211
2582
7392
7912
7352
3713
7472
5302
6546
3908
4004
637
4115
2001
7868
4269
537
1199
427
3316
3734
6017
925
2704
6527
5175
2127
3460
928
4668
5857
6152
1930
1719
1666
3500
5620
1091
4128
5277
7898
1102
572
7241
5684
2105
2574
7475
1293
2351
1719
6549
2717
3843
902
7601
5508
4470
6998
1229
3808
7818
1904
6266
4286
3446
4323
7102
4482
6539
2523
4945
914
4717
3770
4332
447
3629
4183
5200
3365
6672
5696
6879
1931
6525
7430
5673
1834
3529
6977
523
7109
874
7915
4387
2568
2082
1056
2500
6444
3173
5933
4137
4907
3360
3555
5152
6246
390
5503
5350
1281
777
7456
1175
5561
2863
3592
649
2256
2021
5335
4121
6408
6568
5238
2950
5580
625
7230
5561
2644
4713
1336
5020
1804
3613
2537
3211
7064
5502
2115
6173
5009
4568
3577
35
2517
5032
6599
4807
5897
2376
3246
5829
304
7179
280
7268
2363
5592
2212
7797
3152
7794
2902
4988
6633
846
1840
5590
5652
6415
86
1668
2853
4851
6686
5624
2624
7011
1309
3262
812
2964
4086
4984
4872
3778
5236
1030
7868
3056
3968
1883
3431
1438
1306
6570
1473
4958
5132
5788
581
594
6247
4109
6902
5272
2281
3734
4919
801
3638
7916
1876
2009
295
375
1916
5199
477
2048
3420
2119
3384
6465
7183
6423
1770
2742
4256
7623
284
4566
3236
7623
7717
3126
3103
5165
2910
4541
3073
4034
1706
2027
1800
108
1327
4147
1184
5241
989
2360
6184
2825
6087
3696
2130
7279
868
5236
7073
1458
2967
4903
2772
4955
1769
6500
1858
7480
4598
5784
2333
1814
903
4928
1227
1430
7178
6432
622
3579
2725
2332
4429
4487
1764
4543
935
1902
2825
4022
2824
6956
2859
156
6211
3126
1213
2737
3503
897
5155
4646
4894
3501
3912
5172
7492
55
795
2224
5332
5229
4471
3848
1264
483
5970
5830
3036
6877
6127
557
4870
5071
1523
5321
3530
3099
4814
3541
2569
1968
5947
6337
298
6187
4677
3271
3931
6223
5492
5682
3588
6375
3678
2524
5695
5191
6180
325
4128
5315
7308
5152
6774
4365
3921
6766
7151
4297
5742
5646
7922
6241
5057
601
5483
3368
4580
139
4848
1720
7552
7704
5792
557
778
1525
2624
4417
7810
4773
2337
4223
1587
7397
4801
2487
7859
4583
4641
5290
6857
6282
6422
905
6201
6190
7364
5369
5282
5618
564
7467
1058
5176
5755
6236
7214
95
457
929
4552
5248
5232
1635
5681
5200
2011
4023
4271
139
1815
1417
970
1705
5726
3883
7725
990
338
361
6550
1468
6854
2671
6913
2769
3127
914
3969
4747
884
532
4600
4702
7581
1228
181
2369
840
908
3975
4228
2606
7811
7458
6156
7609
1995
2372
4638
300
2458
7488
2169
2945
7493
2874
6108
5951
4935
2548
3394
7017
5699
1726
3821
1180
5990
2166
339
3548
6938
3258
4464
5504
876
3344
5114
667
4795
5428
5293
3076
1150
1267
1967
3187
6261
3966
7265
4847
2551
1216
2895
7454
7259
2242
5586
1925
2611
6084
4638
2653
7150
2189
6265
4560
3366
1768
4004
6559
6695
815
386
884
6274
1489
4479
7035
7181
6945
6147
7047
6934
2911
5539
7447
7177
5567
6132
1938
5690
1870
1043
6718
2214
2237
4547
2722
3220
2129
2156
105
581
6119
2010
7221
1865
313
1495
1173
108
5145
671
6103
4724
729
7435
4746
4093
7927
5825
2468
6623
2621
219
1620
1797
5129
2283
1205
4982
4137
3484
1439
1943
28
3808
1489
4765
3954
4145
2227
4317
6859
597
4674
2252
5772
3619
324
718
6148
5144
7342
5849
5965
4792
3938
4863
3538
7028
444
7214
6295
4951
6527
5678
5233
2016
3583
7645
2206
4999
3845
7841
1362
3661
461
3532
4816
270
1482
3741
2097
993
4645
5031
7994
4146
6341
194
5481
2301
6356
5767
7764
6962
5211
2763
3989
2468
7981
4741
1603
5509
1643
6779
5471
346
5272
6445
7143
2701
7598
1360
1472
1345
275
6057
3426
7903
5288
5931
6301
6676
2158
4265
699
5313
5639
4797
5834
7028
4464
6035
302
7905
7509
3949
7473
4966
3707
5722
662
3658
36
5790
715
7088
4414
1235
4536
4161
7528
1469
108
5234
7756
1221
6421
7796
984
393
3817
2741
7945
2642
2150
3439
5760
6515
4875
7140
2944
7324
3688
3411
6177
1675
1791
4659
6155
2600
7339
3370
7652
5703
7331
2235
6715
5362
7849
7891
5515
1246
6039
3625
121
6397
5226
565
4178
1679
2012
1810
5218
4636
2760
3427
1857
2209
2095
5150
7786
1880
7052
4243
3170
6124
435
6385
4738
5087
3236
4860
3969
7237
1000
232
5970
642
4517
7954
6369
3365
951
2168
5591
6062
5140
4806
3412
4673
458
4212
7979
2043
519
4550
1930
3459
1538
7338
4029
3119
3701
6895
305
1273
1274
3809
7357
694
3633
3243
5028
1477
7794
3385
6928
7678
7837
7793
6434
4912
3801
7156
6888
7573
2718
2941
6522
1968
3167
6027
7419
6054
5781
7444
1211
6125
4686
1254
4471
1804
4118
7591
540
6148
7982
216
671
5055
7050
7581
4834
1506
7608
2629
161
3298
1188
7900
4303
2521
7928
5734
569
2100
1538
602
4028
4494
1362
2409
4626
1771
40
1947
184
3783
3035
4930
4824
6603
3393
6439
4865
2119
2097
1482
2862
3658
6805
1502
1147
3823
3319
7764
2736
4224
3224
5915
2155
2131
5766
4637
2368
1796
6472
3917
4473
4621
1044
5873
7968
6377
7059
5841
7740
7017
397
1431
5249
3579
2474
7527
7816
4162
674
1077
4881
724
3170
2721
3636
4621
3118
2777
2729
2254
4194
2056
823
3590
5057
4575
7759
373
1503
7207
7434
2304
1973
1950
6305
7025
5679
1605
3786
6318
3804
11
2774
196
4062
3721
1996
7236
5039
6828
6032
1939
7349
1539
7607
681
5014
3292
6191
3795
5789
7144
2825
5813
7795
4446
4342
7876
4197
1790
2999
2767
2970
2273
6495
7474
160
2025
1940
496
2072
4308
5064
2485
2028
5750
5072
2105
50
7535
6340
4326
7734
2048
3287
1192
3228
6654
7551
4267
4152
3599
4526
2241
4838
7719
159
662
4896
201
2882
3754
7449
4311
3576
4024
1781
6461
6319
3961
1852
3805
6642
1830
5234
5177
2869
1178
960
578
1447
5244
1511
4747
7120
2616
4735
5403
6816
7174
6166
2323
1548
2476
6960
3753
2916
1506
6656
3510
7731
4707
1645
5590
120
6381
3083
4851
163
4806
6360
6631
6481
7627
6138
3108
4533
3187
5905
5706
2275
6352
1519
6206
2399
2598
6095
588
2445
4250
63
2737
5663
896
6708
6785
2688
149
7767
5912
2015
3037
1658
1103
6045
685
2569
3617
645
3444
7331
7688
2640
2333
2538
6478
158
6558
5030
2140
4613
7401
6463
3707
2323
5208
5048
4147
5356
7374
990
1760
5430
7854
2028
309
3416
776
1093
7906
6117
6047
2028
791
2278
3518
336
7520
3381
7372
3107
1735
1069
2918
4380
6455
6199
5201
7586
2640
3802
4249
3427
656
2577
5987
2757
6810
6041
4056
5772
352
4122
7050
6407
4275
7453
6526
1529
3761
390
3409
7696
1182
4934
3152
472
6212
1160
192
7498
2103
2574
2105
5190
2373
5202
7650
6318
3316
2570
2381
307
1393
2832
5288
2873
5736
4937
4499
2816
7120
2020
3734
532
508
4336
4486
4204
7744
6106
2562
4082
4555
1410
5237
4785
2099
3679
5878
7273
5675
5212
3302
3318
2984
1274
2779
4992
6355
3777
3378
276
1499
3191
1624
3701
4838
4375
7325
7045
4586
7280
668
7773
3279
7201
4799
5814
695
3729
6123
3326
6540
1818
7742
1977
7096
3893
4052
3883
1753
6776
1826
2787
5727
1815
5380
4074
1261
609
5142
7793
6416
5141
7976
1172
842
1053
2375
2604
3704
1715
3729
7977
7860
6793
6263
4569
2813
5249
4237
190
4061
621
2074
5134
6775
2039
7099
5149
1600
4447
592
149
2340
6653
3017
2260
2395
2256
4564
1632
1204
6658
2375
4801
810
1512
4266
3870
3759
7432
5818
17
2329
3280
420
4024
673
7049
760
614
1419
2324
7731
4454
5075
4873
6590
1076
3355
4609
1497
3345
7671
3830
7435
7336
1037
3297
4785
2989
4629
1105
141
3437
6696
4469
948
1279
6966
7227
6955
3299
1164
1804
6279
1154
250
4961
264
3104
7154
2872
5427
298
5693
5549
6546
1112
2358
4886
4216
5768
1244
5526
6870
7996
5853
5184
4828
6910
1096
2854
1707
830
306
3161
3966
3667
4378
1999
6894
2409
4911
5090
5174
5434
2676
2027
3308
6249
7506
5469
6637
5633
5027
663
2424
3278
275
7070
638
5659
587
1944
4244
3208
6366
2188
5486
2496
1979
708
3671
2652
7830
7331
2692
2177
3181
2734
3003
3000
1340
985
3802
9
5969
5079
6596
4175
800
3790
7266
3898
2419
1587
7282
334
6214
4982
457
737
2554
3739
7454
1927
7841
6985
7739
6651
210
771
3901
1583
3364
1229
7997
6947
7010
2885
2444
7277
4133
4052
4297
2243
7186
7692
6780
6173
4948
3913
7295
3096
3273
5617
4873
2704
3203
3988
1618
4743
7406
2998
3840
2433
3683
4698
1809
4806
3437
2727
7577
3928
3261
6359
3011
3545
1928
2748
6744
5160
4850
6626
5065
3776
5993
7502
960
5073
3073
2412
7106
6286
6957
5964
3171
2301
5287
1765
2503
4141
5171
6833
5732
3669
314
5878
6360
7582
297
4976
6966
1717
141
3433
2006
2139
5967
7855
2829
7863
569
7679
4874
4289
2119
5295
5189
6730
505
4584
5570
7160
7078
2337
6497
359
7253
1340
1312
6114
1863
483
6566
2034
5568
5258
3046
1237
1668
2160
6100
5313
6773
5123
3650
6874
3247
7179
5202
5635
5321
96
1364
1868
1424
6691
2314
2136
1574
2046
4146
4928
739
6341
5726
7934
2804
4715
6212
3621
6047
2317
3624
4133
4013
7995
345
3426
3420
4781
6084
3276
5817
4493
2711
5307
3115
2805
7130
5102
7085
7131
7648
967
4383
641
2989
2499
1905
2754
1294
4518
2364
2591
731
5324
1300
7258
5916
5246
3814
3253
5713
1821
4754
7276
3539
3963
4309
2839
1837
3834
5904
6684
7245
5937
3445
5967
4486
7087
3368
423
411
3263
5768
722
4014
2165
3310
2596
6480
5170
440
5438
5150
51
6544
5287
6758
5759
2805
4163
7859
3878
7828
1908
5275
4291
1295
1637
6698
1797
4447
1690
1089
1385
3179
4079
6368
7721
753
4215
5111
3397
4623
3913
7424
7406
1066
4847
4450
2503
5845
4500
2761
1792
6642
6377
7227
6158
1858
1308
3215
3083
6611
4169
6458
679
6622
4765
3843
235
6821
5343
2202
2090
5828
7982
5351
694
903
1091
3749
4379
2172
3002
6281
7932
2306
1287
5342
6889
1108
6139
3978
5858
2493
5607
4980
3180
1164
1982
7240
5834
12
547
5194
2638
3251
6229
1938
6358
6172
4665
56
7667
7479
4953
6117
6570
1114
3120
1431
4089
3149
5560
1534
3198
2478
67
2311
6143
1308
3601
5507
6579
6010
2238
6151
3239
4515
77
3056
415
6774
7132
5457
2521
3376
7713
7635
3471
1423
14
7834
4749
1164
3067
4263
1573
3797
1350
7416
1638
7450
6753
3897
2586
7444
5464
1982
7596
1341
2361
7976
4734
5977
1731
6203
930
789
1776
330
2037
3391
7048
50
3076
7243
7183
3637
3162
1983
115
4842
4673
6320
1116
3198
26
4483
7191
4705
4201
2605
4402
7654
693
2931
6859
7401
1767
5320
4542
6993
6207
4290
2748
3302
5477
4812
7142
5440
168
5360
5744
3977
4702
6735
2235
2400
3151
6555
4838
2885
7754
2862
4396
5636
7938
5262
883
2541
786
1063
210
3585
7646
6052
4746
5010
1476
7921
252
3766
2775
6145
2887
2467
3638
3570
2777
1015
7215
1613
7316
352
5645
4760
6739
2476
2546
6332
6421
184
2176
7883
6428
1078
7691
4918
1903
3927
6253
1914
2757
5244
2572
1546
4532
2150
3976
5563
1065
5047
4934
3559
1323
2625
3570
4421
7474
6251
1501
2860
1250
2525
7570
895
1023
3280
1837
5547
6856
212
2167
6196
3841
7513
6613
2263
5252
7090
6725
6578
548
5602
6082
211
7598
3338
3224
6699
7891
4327
7862
1194
3902
4867
1630
5922
1465
3596
3970
2734
2023
7890
2611
887
7908
1961
7688
5981
6681
5432
2922
7432
331
6430
865
429
6510
2595
2135
6421
4744
3782
6460
4167
2340
4198
3569
372
1227
283
2187
5856
2262
7034
7618
4546
4741
1671
7269
6742
5215
7339
1691
3967
2846
5843
445
5024
4047
6151
4538
2238
159
5015
5056
1409
1915
7692
7740
7623
7098
4897
5548
1646
1013
5298
2542
837
2441
2431
1388
2066
7696
476
3412
925
6854
2054
7500
6320
652
5965
5922
1489
3863
2787
7525
5447
1854
3809
439
1053
4358
7488
3690
4220
5326
1429
7747
3446
5744
6410
1680
2728
1032
4886
7927
3546
4587
898
1151
283
3981
4824
4624
7887
5140
1975
506
5517
7245
3081
283
1863
704
7457
910
2673
6896
3170
7884
3741
362
2897
7885
3756
7315
6334
2588
4478
1979
5755
1208
1019
5211
6635
7319
6999
5332
5207
6574
2947
6379
3734
7233
3017
4526
1454
6298
1671
1696
4826
2379
1430
3471
4748
5996
2325
2137
5343
5104
6674
3775
6540
2011
3083
3333
7012
6313
2025
4080
4482
4598
7720
5785
7239
1760
5456
1180
410
1122
3388
400
5015
7812
4930
7451
1607
4379
415
7174
2958
2753
3863
4224
5702
4621
2461
7946
7507
1755
1636
1864
2190
5692
4604
5875
961
3162
733
2342
2857
2037
5143
3163
5832
4731
4522
5780
3851
1030
4087
2654
917
2856
3957
919
5528
7069
7793
4292
7180
5608
5873
2027
2609
1035
2738
1054
4012
956
4637
4887
1901
3733
430
5373
1925
607
1418
191
3299
3298
1505
7888
4065
4373
2324
3953
2431
7956
1569
4574
6042
4348
5554
3596
3518
7304
6775
7697
5647
5490
4485
5349
7222
957
7125
1094
4264
6733
4931
2721
6400
4261
1114
5692
7433
6788
4494
7995
3831
417
7805
7478
6070
7132
5546
2332
5822
2249
6719
3539
2634
3346
7666
6624
480
471
3824
3454
5527
5500
5253
3025
3942
4312
7047
7853
5793
1098
3716
887
5979
4356
1914
3502
1893
3176
4035
93
5048
4835
5568
7229
1459
2211
2350
7045
2504
7613
1141
679
5234
6140
1589
7576
3737
3142
4433
4487
6142
7317
2205
5970
1156
5851
5847
224
6500
4903
641
7172
5823
3091
1937
310
4954
6814
5704
2676
2357
2049
7108
1384
2461
1328
7700
643
6319
6446
437
4178
917
1376
1734
1655
5303
58
4909
7623
5627
4532
7788
7675
7505
4204
4446
543
6018
7039
6763
971
7223
137
4044
2222
1809
6498
5484
1169
5121
7998
455
7061
1356
3275
3194
184
3017
1052
2589
2869
451
5412
7427
4661
6763
6120
1097
7235
3788
656
1043
7186
7906
5486
2032
2817
2200
4268
7753
3376
166
1236
6547
3632
6381
2860
7205
6200
7012
6635
1832
6143
7192
1067
3256
7042
5576
1127
1929
4627
2626
6199
7359
5857
5393
3105
7108
6020
3452
2358
3062
1807
7249
6695
241
2504
6865
6376
1959
4219
7639
6609
5822
657
5998
7254
3803
4012
2209
7676
6156
5754
5307
7947
6099
6817
4036
264
4311
225
5651
90
6433
5606
7871
4695
7636
4187
7396
2634
408
431
174
2024
3177
2504
2522
6699
5748
7734
1049
722
330
680
1554
2322
3422
4299
1042
5707
5198
7019
5315
1365
1938
6956
7887
6904
2318
2762
2958
5713
6876
5386
1654
3589
4203
671
7528
2099
1854
7029
6480
3016
992
2426
5734
4158
7254
1501
96
794
5453
3853
7604
1277
5653
2024
979
113
7852
2107
594
6260
1770
7011
4940
136
2532
6877
6162
1587
7401
628
4056
3945
1087
6490
1423
7353
5111
4066
2274
1769
3488
1579
2564
7885
4944
5291
7773
5176
4585
3261
4732
1587
6520
4518
4139
3925
811
1848
6785
7687
4959
1376
2255
1297
123
1851
1124
6394
759
5982
7350
5699
4625
2748
3455
5921
911
2425
3789
6646
3267
7842
1753
6374
557
1393
4213
34
7053
917
960
4705
5179
7524
2056
5832
5867
6070
2111
3798
4243
1153
388
539
7759
18
6548
4411
2175
1767
4095
1057
6753
6353
469
2387
800
5540
945
7611
3263
3536
5729
6673
3433
5206
7768
2558
6729
3342
1428
395
6929
665
3996
5138
2368
1334
2291
1936
1525
1847
7970
4216
4489
3520
1327
3594
433
7222
4878
6407
3983
1884
7827
171
1445
2770
4482
279
505
6417
3496
5034
7446
5688
4586
1576
994
3715
1228
4101
4438
3786
6056
6546
4366
4054
1310
528
4656
4916
7079
4471
5881
7133
4680
3254
6289
4051
2290
6589
5747
3213
1401
5390
3910
2070
6052
4479
88
1815
6977
2111
7706
2228
3773
7761
7834
1942
3790
6769
3033
5497
5627
104
2982
301
4562
2198
4863
6713
4851
4178
265
4803
5006
928
3541
6122
6971
6663
1544
815
7735
3574
5934
6646
953
4577
1877
1869
2039
3221
3029
1072
4432
730
7954
3277
4568
2392
7512
2322
1708
1303
3031
2092
3036
3739
7773
3037
4975
7248
7130
4129
2857
4922
7159
4668
5531
3241
797
4457
6035
2489
5889
7107
7545
2765
5286
4676
3986
6558
5833
3462
2243
2333
2903
7123
966
7508
555
4264
6621
3829
1599
1686
5691
3529
4047
3322
3628
6108
4790
395
1854
1537
220
1727
3781
5908
2772
3610
470
2812
4162
4343
5372
5207
2819
4566
2856
882
3643
1296
7675
6413
5920
5486
5243
7468
5526
3988
7758
7009
7120
846
116
2964
6153
7356
7815
2455
4149
4296
2134
3377
5247
1205
4092
7451
5021
6576
6787
4210
1775
4607
4703
2889
1729
4507
6607
6449
6939
3810
4666
226
352
2773
5534
7294
5734
3957
4631
746
2010
3584
7948
4832
7560
5703
4563
2403
5009
2869
4467
7894
2164
7070
7270
3486
637
2669
3965
5917
5393
6579
7262
4458
6138
46
4258
659
870
4379
2686
4919
4639
5567
3771
7019
2832
4099
4263
5441
4273
888
7444
2936
3586
5961
1441
67
5740
7850
2601
4831
424
2269
3463
5875
336
434
7594
4989
992
2360
7629
257
2640
6602
6230
6760
1987
6672
5958
2942
7002
3924
7727
3534
4518
4994
2193
7893
2500
2213
6248
810
4819
4353
6115
4492
4197
2927
4222
1308
7076
4308
1789
2625
7706
930
7956
727
768
1706
7208
7023
2352
1862
5779
5912
4666
7164
3091
2441
7582
5634
2427
1767
1229
4735
577
4070
3856
7655
6067
81
574
288
4977
3761
2939
3204
2674
5850
5762
3927
6209
708
4372
131
5676
2168
1753
3619
5366
5725
6060
4360
3386
5886
5239
3233
3649
6324
4647
7888
5689
664
3724
1281
3245
4358
1833
2098
1928
6891
5395
6773
1436
4422
6066
742
1853
5382
7971
2859
4788
5925
6822
2347
6544
1064
4474
7658
1893
2235
6253
6924
3789
285
7538
121
6504
7297
2532
4336
1834
62
5561
7362
6570
1378
4565
7046
1563
4728
3429
5695
6165
7493
3095
3805
5992
2746
3125
205
7046
6319
1881
10
7248
1885
3639
2000
5343
6145
3
4067
3804
1562
1467
4292
6537
2829
5946
4867
3129
5089
1028
1057
6654
4091
6184
372
6534
1929
3790
4718
4101
4831
6059
6657
5044
979
5294
3111
7208
6562
6258
1901
3274
3890
7610
2156
2051
3184
3185
4805
3431
6468
4571
6287
6699
6985
4559
2560
3045
320
7483
6448
7715
646
3947
2769
2425
668
49
6867
5275
5230
4710
5000
845
4581
2238
377
6276
2979
2452
5670
3448
1334
7803
3295
1254
7283
4910
3821
2063
3962
5452
7249
3009
3801
4007
2655
3496
6127
7800
3045
428
5927
4354
1648
1513
3997
2412
981
3209
1252
1092
7138
6503
6575
6688
5698
4674
3892
1576
4590
3262
6661
5166
7999
6750
2008
2966
4323
3029
1500
5703
4434
6202
4130
6807
1102
7017
7000
5835
983
4746
1745
4443
467
1587
7851
6122
831
1848
46
1663
7743
3390
4481
7362
6439
6130
306
860
5699
1698
4550
3059
2469
7045
7265
697
6131
7754
1691
7275
7952
174
4507
3556
5721
2630
305
4117
1466
3036
3053
6780
514
7043
4261
2753
3759
436
4929
7622
3850
1549
6940
4011
1370
3847
6725
6148
6129
123
3311
7221
4400
7088
4078
5028
4312
3108
1461
3171
924
195
4389
2751
3840
2217
5401
7817
3353
605
817
4037
6397
5137
3757
6704
3713
3744
7569
4853
6929
7647
5169
2425
7667
2780
2354
4975
783
4572
7688
6644
5147
3472
2718
3916
3388
2184
4491
5216
52
6844
601
4449
4195
4387
3459
3779
5062
4198
7439
6291
1651
5262
5748
7179
7825
2510
2234
643
3167
7295
6352
7026
5897
1211
3321
2918
5539
3098
4906
1333
788
2696
5721
5596
146
2879
6296
7843
4501
2861
7930
450
4506
3168
6097
1681
1837
4508
7476
2147
7577
7068
7313
5230
2681
5409
1889
7067
4037
2470
7289
671
240
6427
3537
6706
5599
1880
2872
5980
1727
1720
2961
782
6915
7578
4889
4425
4009
633
1083
43
5391
1371
5850
6529
1293
2134
3748
2701
1844
3125
6959
4085
7405
4811
2780
1465
7605
4255
482
7769
84
4267
3532
101
809
5775
10
6922
674
3982
394
5626
6140
469
4662
5269
81
7903
7220
3386
4196
3756
6468
5688
6154
4767
5050
5016
1731
1906
5307
2106
3851
3180
3540
6737
2002
4084
1088
2703
1189
1902
7218
4501
1776
4574
3061
2214
7330
1300
1132
4089
6035
471
6109
4072
2947
5138
7877
6788
4778
7351
3391
4978
6992
2081
2973
3147
7735
2137
2516
1387
4636
4008
2381
5372
6118
2227
1000
3425
2143
4022
2235
3188
3475
4680
5789
3164
7333
7814
3300
3639
7015
7536
4492
1090
6938
2001
2356
486
3053
4055
4702
1768
4861
7291
5128
3145
2166
5242
5034
5282
1161
3192
504
1993
4620
2976
3876
2932
2526
7281
5579
3069
6360
6334
5934
447
1542
2443
6411
5210
3867
4425
3050
6272
5711
234
4403
4217
4901
112
2604
6770
4773
326
1863
7063
2377
5380
1389
7495
343
5462
6367
4242
6542
1500
7854
7510
6835
4434
5164
1792
2560
6200
3898
7875
7599
3581
4954
1080
4626
734
2267
7918
707
2084
7770
5793
1422
541
2682
3772
3946
1517
2027
1604
4958
6068
223
3556
3452
6602
2764
4311
2808
6152
6967
5410
7278
1554
6895
6394
7083
81
4516
3497
6828
913
3011
4575
4889
2325
3221
5085
2398
6939
7428
5268
2793
3469
5949
1637
3353
59
7286
7612
4206
3953
2997
3855
7436
467
17
3327
2399
7200
2753
5888
4810
6481
71
7937
4196
7599
3597
3550
2104
1333
3616
2775
7559
6560
797
4986
2486
1294
7714
2055
6814
4613
4163
7236
1008
5858
7345
7894
6224
7910
5139
4186
6298
1008
1735
3029
5122
3412
2617
3890
3270
1512
7976
5856
657
1159
3667
3761
456
4332
5663
3931
2790
1525
6657
3762
6063
5193
3940
1062
6742
5083
7340
6977
3922
3374
7740
3599
1772
1626
3664
4067
4474
3781
6260
3094
2604
4214
7614
4001
183
6965
6037
613
6216
3596
4304
1845
5372
5864
6940
4098
7412
4376
635
3381
1047
2628
193
283
4016
6410
5110
4806
5557
8000
7111
1813
2285
739
6038
3139
3772
1696
689
6930
4946
4781
5609
7321
5842
4026
88
4684
7759
6019
2185
219
6385
4794
2018
6159
4334
5237
7009
3224
3606
2390
7203
7871
613
3386
6360
3010
138
7540
7490
3527
6198
6919
6575
82
7141
4958
4267
4515
177
5312
1398
7490
4847
7804
3673
1373
128
7946
7596
4334
1732
2336
6878
180
6235
7535
7083
2169
1384
6766
3656
7421
4922
6714
5449
911
6880
1282
3528
7188
5319
230
2727
1697
3000
1721
2896
6997
7201
4838
6543
4125
6733
6917
7649
3150
119
3513
7608
5183
3602
4005
2505
5828
5610
3548
7510
3215
1027
2413
4590
5306
2427
4413
5550
3992
2758
3369
1947
4973
2196
3318
3304
2581
3009
1724
1931
330
1945
2079
7714
1719
5490
7060
7711
5891
692
6175
4751
6439
1400
1173
5113
2363
6800
5538
2740
1661
3189
7246
4948
2825
2199
6086
5704
220
651
6375
189
4236
2407
3805
6741
2149
5881
7050
5468
3969
4343
6497
3882
7671
7335
1606
5178
5620
4454
2117
2056
2697
294
3314
650
3648
6556
5360
840
2826
1522
6324
3513
5138
2764
7699
7975
7187
819
5549
1418
4571
3620
6716
6727
7672
6962
7206
1811
7264
3881
7131
1472
1193
4178