667
839
801
1935
1259
2117
1816
124
959
87
2434
2465
1225
2474
898
32
162
460
1655
405
603
2339
15
2092
395
2027
1327
463
999
224
180
131
1678
1856
1388
887
99
1744
2037
1147
1755
2269
2346
1606
2216
2385
1325
732
549
1671
1339
197
827
449
1069
794
1018
990
2293
238
1074
1413
534
2407
1136
493
2037
50
2179
432
1152
2048
1466
2365
478
1008
1254
1783
532
55
2312
1457
2311
870
1064
2261
2368
951
747
96
450
1548
2239
470
36
1073
1402
153
2457
2290
710
2495
2494
140
266
1831
381
1106
648
2100
33
1972
891
1324
2158
1587
2391
70
2401
1060
1854
1042
893
1925
1057
193
2291
646
975
1554
132
94
2252
1204
1199
2162
396
1313
482
1617
1529
2189
1732
270
2251
1008
1272
1339
1577
1123
959
2163
2370
1557
2324
835
407
2145
618
2010
1642
882
674
948
166
2180
2008
1195
1464
2088
127
1959
2109
1325
1172
2499
849
2110
361
2063
1153
1631
1112
1436
1265
147
1822
643
896
584
2064
827
405
2040
616
1321
1941
1159
1061
36
1141
2219
1210
900
420
2212
418
946
1152
2066
1662
1627
2094
1419
1451
957
311
1795
1432
587
514
189
2265
1740
1198
471
174
1772
344
1161
1699
995
1282
2413
333
465
1503
1512
557
688
178
953
1337
1662
1580
1739
1075
1647
72
2099
1568
1216
18
21
1220
861
1385
1070
911
655
935
1548
1774
2091
1951
1588
1572
1553
1592
399
1334
2166
1080
1120
564
290
882
1202
2338
2386
86
2394
1222
1835
1520
1283
2418
1582
552
157
876
1449
927
1485
2446
2218
856
2154
2284
1316
1754
134
415
830
261
2159
329
2175
823
2387
1349
1800
687
804
10
934
314
1334
354
1172
1579
1568
2163
1203
1885
287
1013
196
694
2489
1982
2275
1011
141
2280
1330
525
1204
2395
967
2340
1558
1222
236
1490
1783
2017
2108
2421
1470
1427
680
1485
1789
923
81
1279
2164
213
269
1908
1632
1787
651
1437
1133
1746
1250
267
1058
1467
1601
2153
1551
585
1905
1547
1579
1457
440
345
994
714
640
2082
1707
2309
2037
385
364
1556
1528
851
1177
1946
1463
214
723
2110
1910
1192
1164
1053
2449
1027
307
2337
2196
1151
2178
173
1925
2078
26
2114
73
397
2417
375
1584
1039
701
143
1243
865
1873
2396
347
1181
1591
439
1197
2069
1392
509
2357
2127
25
166
173
306
1193
1928
823
795
1113
1886
1292
1385
119
401
1698
1217
1995
997
2157
1268
2438
1426
2124
832
2136
2472
961
1027
1170
791
19
1975
1989
318
1253
1358
228
1016
41
297
2083
561
509
425
108
1170
324
1993
875
1895
1156
1743
576
2384
1090
1305
2177
2154
1464
1379
1447
1365
739
1510
2016
1119
44
775
1667
202
1992
1172
184
723
1741
601
2333
2181
484
821
1021
203
1908
2157
1199
946
563
342
1144
804
367
994
1978
856
536
2232
1563
241
872
112
1451
474
2427
160
2497
686
1519
2273
1035
805
1527
1180
1758
1224
1408
264
1860
475
1657
708
1323
918
1281
180
1449
1341
128
2453
1976
2252
977
1108
303
103
2287
269
88
1528
1888
2427
983
1889
1459
1050
1071
531
450
2344
387
428
1298
1601
1083
2080
1855
625
437
1372
1267
1150
1878
1381
1391
2456
895
527
8
1595
975
33
1728
1313
283
2288
415
254
502
328
525
1736
2234
326
1978
2017
658
1519
1430
365
2197
157
445
1908
206
2064
483
736
998
1547
1848
363
1827
2480
1356
1370
2259
350
225
1637
1953
2291
2149
279
27
1813
747
1099
426
1793
737
2283
1270
469
2464
1955
2396
2240
190
513
61
844
165
1215
950
1837
433
927
1441
335
104
1093
1369
1930
2115
183
335
1248
2439
462
1708
599
1138
1150
2450
206
1362
1312
2193
1889
2417
1069
1775
315
2227
174
37
816
1685
208
1102
1786
947
1443
1821
1948
2165
1278
113
399
2148
980
95
209
932
1702
60
176
1209
2023
1643
1832
606
2327
67
1716
1963
891
2192
822
406
2104
2417
1318
748
158
999
2110
1601
1213
405
179
1927
1545
1302
1542
1197
236
68
556
1762
2497
1691
291
1505
2417
1077
1621
2247
1561
1224
1768
2275
227
158
1886
1121
934
567
599
1303
1026
2201
2457
1739
2314
2018
356
1205
2271
36
1046
1486
1938
943
2193
2083
1907
1070
711
138
90
2195
269
1969
1779
17
1957
2441
1609
2448
1901
1692
1153
2031
2429
2140
2407
788
580
852
1212
1898
2217
439
2375
71
1226
1641
2195
318
2370
126
2481
763
1236
76
168
2476
2140
93
925
1977
1171
2107
329
2265
1568
1189
2105
1430
2264
180
568
72
544
521
791
1865
2164
1591
551
437
594
350
1939
1280
309
813
2440
774
1766
1847
1657
463
118
1607
2414
1111
1135
628
1984
1443
1666
921
2207
2408
2142
570
1348
1916
926
414
1844
172
2226
1834
1197
1154
2221
535
1466
461
393
1330
56
2141
1891
1211
1115
2319
1241
1262
1562
451
963
97
631
1456
178
1358
220
2457
2412
1290
1902
2159
991
663
568
1489
2483
2060
455
516
1758
117
1681
511
2455
48
128
2101
506
109
2388
1169
91
685
805
1083
993
408
498
1846
1064
2401
41
618
880
706
1725
1502
4
2283
2207
1071
175
944
1035
1596
995
441
1186
756
1255
1760
617
379
722
1813
2006
901
1389
1702
2220
2193
1710
2428
766
24
1304
1779
2184
1688
547
588
686
193
1877
2020
86
1557
1807
1923