239
507
1009
746
402
210
1237
1323
1443
397
215
576
1299
956
502
329
182
1277
24
522
837
809
1364
521
533
448
295
869
1389
502
1201
249
1292
237
44
1087
104
632
1469
392
435
680
727
888
1436
252
1430
354
243
390
731
693
1156
607
283
412
66
302
703
1399
82
1308
1062
427
615
320
508
1140
905
282
1345
240
416
1333
316
207
468
1380
139
776
134
429
746
870
14
1475
1277
673
863
313
262
434
412
223
37
1046
1387
244
441
1455
832
1271
1225
177
429
569
286
1295
775
308
1256
194
609
603
873
1061
173
758
380
1438
192
697
898
1302
221
817
1473
1225
415
199
921
1204
178
529
1343
1190
170
996
1292
294
1215
582
1410
964
418
760
188
451
1495
1289
83
1156
1497
896
608
1097
275
1492
140
161
733
288
1160
709
427
273
1008
1245
908
1279
161
451
1013
985
386
1271
871
947
964
275
1166
669
146
742
1181
1207
877
758
548
290
1191
1136
1479
204
1252
279
571
73
90
1221
98
737
1206
675
22
1209
333
766
371
50
587
153
261
1192
35
339
569
120
1190
485
1028
370
1067
32
778
480
721
226
85
62
648
28
1339
968
298
1149
1026
843
1099
1059
1032
319
1034
1093
1235
1161
1351
193
511
793
1438
398
567
1295
740
519
126
1479
805
291
152
1064
817
882
156
1430
1056
723
685
178
1210
1343
960
727
834
730
449
526
933
781
156
904
1396
1489
622
901
635
512
771
783
79
1210
984
322
256
491
147
1170
2
903
916
112
872
20
507
565
1270
162
1048
1358
288
792
340
1498
1076
183
1149
1041
611
700
1324
286
1255
289
881
870
1175
1038
454
1464
513
1307
822
1041
478
32
147
1142
1495
721
1145
301
25
36
1448
1473
712
939
685
62
1174
570
1200
1120
883
1009
1408
161
22
1313
140
199
1400
153
307
791
1045
637
1206
833
330
756
327
1269
1178
850
739
382
458
53
1077
831
1023
655
570
996
559
26
958
1232
45
1003
580
238
1167
101
1088
434
1210
1028
427
348
112
741
62
761
692
280
764
284
1258
789
320
1379
1237
516
193
236
990
155
554
1247
1065
1225
1178
683
1025
1125
1003
252
1424
1448
632
117
1086
251
184
774
27
645
1168
902
342
40
1078
1035
543
599
924
1199
1270
691
1142
217
1005
1010
500
680
733
1132
712
519
1114
274
92
18
692
305
159
225
149
488
937
1159
711
43
565
1024
1296
787
1325
1461
414
534
517
459
476
1125
1015
1117
763
893
706
161
77
556
1163
541
10
1125
131
787
845
358
1135
584
1303
787
235
885
379
253
1025
1392
1263
950
458
112
941
638
1352
655
612
1160
629
1249
955
409
469
31
1429
375
211
132
1110
188
1192
380
1040
1082
1438
282
302
1248
933
985
1209
63
1006
713
1265
650
1392
526
1402
1206
317
1449
1357
306
122
1029
77
227
233
764
1136
412
194
556
287
894
150
1039
237
734
1434
629
680
604
877
794
1263
1202
595
285
449
544
379
830
245
184
273
522
1106
50
1191
692
964
835
1103
590
1237
549
92
573
1459
1233
504
1424
1492
223
1087
801
1477
153
68
882
942
1146
351
1460
666
257
584
235
390
1144
1144
1184
424
672
84
1023
979
144
1389
1363
552
1412
291
607
77
1382
1383
1491
1156
1152
1450
512
890
153
203
125
1294
433
1259
336
462
1070
1421
334
457
204
1281
1138
71
1276
9
667
988
542
76
64
1083
544
93
1363
999
310
1385
636
559
920
1248
962
1408
332
1312
1077
52
496
388
1189
996
970
302
258
1109
1434
109
998
463
376
1070
854
1290
1338
1405
233
775
95
892
1489
1284
518
373
147
52
963
1372
660
1117
1047
1369
1402
514
17
973
1384
1081
298
1458
951
199
1168
44
576
388
1497
837
1028
1432
903
498
485
1442
766
830
1112