6602
4057
4657
898
6678
1049
7029
7029
2617
4329
4940
1830
5496
6737
4943
1468
6117
1986
2645
4238
5221
532
1771
4221
7631
3707
2384
7021
3441
3428
6322
2237
6063
2446
6741
3204
2542
1520
2796
268
5555
7788
4010
2768
5135
2338
6408
7772
7859
5941
6407
4053
5796
5580
4815
4026
2565
6871
7002
7416
5847
5371
6035
4821
6690
245
2326
6054
3570
509
3407
6517
5169
6256
7251
7532
1157
1001
6400
6361
7440
2619
3498
599
5768
2751
5494
1372
4883
1730
188
2683
4734
6403
5395
6418
5037
4269
2383
4301
6004
5519
5427
6495
1229
2028
1678
4992
5163
6185
4516
1549
3033
7859
1620
2697
2254
4586
2308
4987
6401
1371
3515
6865
2098
1392
6937
526
3736
855
7837
5428
4143
7758
4359
2842
6964
7714
1601
2005
7593
1299
3693
6727
2592
3966
169
6865
5872
5051
2133
3480
1871
7377
5224
2824
7748
2641
3383
5676
790
2052
2689
6932
864
2203
1691
2803
5152
6610
3339
3613
1137
88
3979
120
4882
6886
4722
3471
2724
2218
3440
5250
5814
96
3440
2762
6080
3526
6590
2422
4524
6538
1576
1525
5705
4153
4397
351
589
1856
1557
7344
1782
6565
801
5313
7529
129
2097
21
6949
988
689
3153
3507
7183
5541
3332
1592
1464
2362
7656
3893
3349
3913
7052
2037
7663
4420
408
2518
2171
1343
2007
5210
48
7220
2378
7464
6363
2964
6705
3737
6988
6337
778
7514
4855
1568
6873
7034
2850
7515
6600
5198
5361
966
440
2339
2674
2086
4767
2902
4887
4367
7326
2574
7264
7455
4
1843
7780
3814
586
428
6249
7058
1058
3377
7189
3070
1239
249
3544
5535
1592
2888
7082
3023
5893
4025
5288
6038
2360
5709
5815
1038
6049
7111
7534
6120
2241
1137
1406
1230
6779
71
3832
533
2739
4341
1873
5727
6214
3446
3852
7287
1575
6799
7217
2512
2113
616
6020
5073
1995
5725
6889
6778
6416
7430
3536
1765
3236
7665
122
4479
2787
1549
1742
6005
3141
6252
3774
6390
1820
3897
2538
1045
1123
459
6267
680
5517
6529
7902
1503
162
5677
6698
6490
5103
3809
5150
6333
2347
3578
7681
3472
3076
3692
6509
7611
6045
2715
6921
5938
3681
7790
5096
1299
5389
7606
1881
2233
6454
2117
7315
2688
1558
3112
7969
2916
1268
7993
3613
3698
5731
6046
5423
6468
2288
5446
1563
6737
4157
1440
5084
6775
2775
5550
37
7414
651
7965
4064
4548
3195
7640
214
2066
2454
4588
6733
3974
4828
2211
814
2130
2566
96
2202
6713
2225
5516
2564
667
3403
2108
5253
4899
4519
4047
6947
5057
6731
3045
2558
1334
6695
6241
5804
4114
529
4157
2211
934
2078
4203
824
3812
515
2210
1345
4036
6459
7574
7486
7745
7302
5912
7986
7861
2460
5
323
1727
267
4703
2383
5632
1069
4314
4349
3329
3018
3822
7570
1347
3561
2711
5083
6068
2302
1280
3213
1124
6942
6206
4894
1332
4212
6866
121
6537
2827
828
4376
5555
5900
2407
7781
7244
1637
5635
2193
1098
1839
6137
7710
1796
5505
1982
2882
4350
1534
5101
870
6287
5261
4410
2279
5003
6608
1034
4631
564
6184
6105
939
2439
4750
6331
2306
989
913
4671
6674
6633
6819
2725
6392
5429
4515
1507
2189
3979
5384
456
3359
4871
2645
3068
7050
3840
6259
4556
7590
7326
7652
6032
5792
4465
3844
2875
1106
3431
4162
3115
7481
7253
4847
5445
2896
300
1615
5223
2025
5118
4042
2741
2259
6442
2121
4753
580
2183
3188
7322
7029
4598
2060
1798
4584
7437
4347
2773
6062
5916
4669
1363
3176
3500
6399
4493
788
1223
3255
2763
3224
6008
7498
5443
2694
5081
6907
6732
3178
4952
6994
2918
664
6492
2104
332
2222
382
6214
7369
6388
3804
6313
5966
1392
2883
3500
3865
3445
6215
1679
5857
7692
4194
5848
1639
6070
3213
448
3314
2591
3230
6268
2534
5984
4064
1192
5796
2056
5220
7657
4981
4836
7292
4587
253
188
4637
2543
813
3940
1679
7525
2574
341
1976
1452
2877
7751
2581
4216
1403
2722
5386
3079
7837
491
6469
2582
5207
7797
5382
4036
6198
3604
416
7202
4743
3620
7417
3546
3119
4716
3699
3516
5208
3763
6675
7338
6292
511
6689
5140
4627
6830
1964
1804
573
2544
4296
159
4257
4754
7093
1048
3744
2109
906
3628
6393
657
7247
7028
7108
3838
4043
6381
4988
7792
5545
2729
2121
5142
1705
1545
3433
7722
6608
3554
3907
2604
7183
7539
2306
6522
3638
2885
3283
2478
7223
1712
4938
4117
3626
4311
2015
4541
1052
5641
7450
4862
4027
3819
2216
3594
307
6458
5772
1192
1759
1898
6947
7315
2848
6798
5803
5509
4971
644
5057
3353
5406
6731
5824
4197
3424
4941
1059
6613
748
357
605
6235
5440
1390
4193
1765
447
1224
6707
5401
6901
5757
4795
256
682
36
4120
3402
4121
4699
6188
1707
914
33
4186
4216
5157
1047
885
3554
1534
6494
7074
2492
5705
7949
5568
5845
6889
7427
3154
6575
538
2771
1275
2538
2482
3816
2841
6474
1690
7130
1074
5478
5507
5355
1452
5511
7326
4295
3213
1874
7391
5243
3964
3926
17
228
6050
294
4361
3902
5056
6824
3520
863
1421
4039
7023
4668
7692
2840
4588
4568
4711
6199
827
735
6507
1038
4378
4072
6349
1340
7445
4468
6726
1949
7101
5177
807
605
2236
5067
1870
7322
562
1804
5143
7763
6238
4982
7946
6305
6931
607
1336
3666
6318
1594
202
6588
2957
3710
2148
5661
6229
1865
516
2396
346
561
2647
4740
2593
5800
5045
7109
6645
5440
3941
7332
3759
4738
5434
4884
1635
402
5529
413
1858
1174
5173
5748
5553
2241
2619
4384
840
244
4293
7328
2068
3569
2931
1087
6295
5186
2330
2477
2563
1168
1738
1079
3326
5088
1816
6688
1183
1292
4098
6703
931
7125
2779
716
1451
3160
2696
5923
1549
3495
3402
2001
395
3779
7606
5070
3439
6278
8
4989
401
2599
7066
2058
1748
3042
957
4991
6835
4890
6187
3262
4780
5958
7582
5845
7801
7980
5406
6601
2774
963
3877
7328
6499
4120
5774
7805
7855
1727
3518
6347
6398
4713
4073
2384
3816
3761
1279
7894
6014
4970
7698
5397
6108
7171
6448
1813
3730
5540
4477
6315
4296
6010
4286
2248
7505
4465
5380
7154
952
3958
5705
381
6703
5932
1168
4749
5220
3433
3506
1669
6906
3011
370
775
2521
454
2208
3266
5886
2113
81
675
2322
440
1747
2615
3447
686
5370
795
4609
7182
1003
4878
7064
2963
3988
5251
7403
5307
6123
441
4931
4826
992
4588
7748
581
2411
7072
7441
1522
5510
576
1788
6157
7258
3203
433
7857
2796
247
1662
2699
3481
2556
5136
6779
5462
2180
2969
2228
1445
851
4225
1361
7984
7406
1347
1895
5892
2569
1323
4027
5475
3199
7745
181
4934
2263
7087
943
7358
1624
5972
1826
1298
3093
2228
6152
1502
6836
732
2901
2715
5259
7997
2295
7854
2663
5712
6443
1465
1918
187
2755
4369
1456
5506
3116
6306
447
2463
6596
2877
4824
6051
4328
6048
7099
2922
1550
3249
1061
6081
7894
2517
2164
7871
7317
5325
6326
4046
1257
5650
5184
1289
125
2150
881
6379
3254
3072
4997
3983
2694
6483
5751
758
2248
5760
6599
3109
5595
4460
5341
1264
4320
7216
2472
842
6484
1749
5680
5407
4001
2768
1528
7890
4600
1162
2193
7904
3868
584
7849
581
7023
3474
6928
6370
3217
4034
5966
3933
1875
4464
6054
6453
7322
6488
3690
4011
4476
5043
5827
1450
6748
4086
6422
3083
7122
4578
2322
4408
2917
352
6736
5652
2682
2385
5667
1894
1450
566
5396
3889
4835
6488
5831
1993
1720
594
6966
1658
4180
1340
3784
7737
5162
104
6653
3875
2194
1564
1582
7337
4140
2754
1421
5685
6598
3476
4116
40
7924
3612
1053
2042
3277
6049
5072
2672
5664
6538
6579
2579
1185
6928
2780
6261
7045
3086
377
3679
113
6546
7096
6903
5105
6759
2735
5462
1793
6200
7871
2695
1526
7257
2260
7467
4646
2257
2543
442
1517
6934
267
5301
2373
7929
5937
7553
2038
7025
6260
1842
1574
2931
4332
6004
1399
882
2703
1410
6542
3319
6460
4301
2632
451
4368
2751
7467
6878
7162
6909
4459
3503
5229
5774
620
5484
1381
4951
1421
7342
5835
1315
4485
4194
4156
7700
6717
3380
496
1074
3988
7502
4147
969
7879
4565
4178
3998
3304
86
3335
3992
4804
4827
749
7449
5140
2712
2223
7236
2083
2506
6500
3360
2602
2188
4995
979
5917
6418
3974
1705
7139
2824
2857
1753
6153
7455
3510
5898
4386
7001
5230
4907
1089
4912
7237
613
929
870
2493
4947
1856
423
6495
1659
5642
5057
27
1072
3681
5269
5528
6213
2116
12
2663
2172
2501
3333
5355
2769
5212
7092
7389
6265
328
1073
3132
7816
6567
1593
3937
1780
3498
7199
1720
190
3220
2838
5458
51
7645
6952
1291
5021
6267
7069
901
2635
4762
6597
1177
942
612
7695
6753
6274
3810
5346
4473
7072
3437
1574
6773
6681
6027
7695
49
5278
6266
4224
3845
3985
4644
4643
5644
2238
3
2658
4607
1620
7854
5248
23
4619
4803
2618
757
5062
3550
4948
2575
1921
3488
3299
2033
7247
7493
1218
7282
7906
6756
6476
7246
3619
4413
6567
5823
1533
5798
3609
7316
4484
2066
6777
1544
4543
565
2336
2622
325
2305
7594
7904
7000
931
5985
4387
131
3563
4243
522
6931
6168
2514
675
4136
922
1363
1340
5539
1366
4437
7426
7790
7993
1606
5826
677
2775
1049
7206
4635
7734
4766
1279
3699
1022
5326
3072
3961
4329
5012
2724
5343
7534
6147
3886
5658
6162
2985
2993
4700
7026
735
7210
6787
5957
1019
640
3691
2995
72
7280
1015
598
5648
23
7128
6471
4696
1010
498
143
1413
2443
5162
6936
2487
6675
5841
38
2510
4959
7714
6019
4578
5094
4389
5583
2165
5748
1926
1399
107
6390
1994
1644
5015
3211
3382
6960
5419
4799
6095
6950
6278
4203
3612
3087
7511
4080
4985
6011
3537
4199
595
7187
7795
5874
4520
1870
992
4350
5440
824
7565
2893
2396
6254
6991
91
7621
550
1700
6411
5879
2388
396
7100
1966
5150
6770
4290
2449
5559
2232
3209
7862
3685
2767
1694
6033
911
7567
2377
4048
601
3286
6060
5564
268
5563
1615
4228
5676
7921
3481
6003
5395
4973
5018
4651
7620
5065
4963
106
4643
3432
7842
4600
3262
6342
2679
3941
1855
2298
3918
3659
4282
800
4624
4914
120
3444
2153
4469
4043
3332
589
1314
71
7595
7327
4759
6918
5687
2030
5852
3010
7195
3203
390
1072
7228
3602
1964
6256
2791
211
2872
1645
7777
619
3602
1598
7172
5061
7046
2113
2852
4589
1909
804
5079
3440
6609
7087
1433
2385
3872
3482
7853
1148
5370
1103
580
6234
7454
7196
3365
5810
2126
6103
6699
941
7776
3186
3341
2911
1136
6737
294
6224
3336
3154
7610
3115
2418
3196
2685
5058
1767
4093
1565
6828
2402
5805
1780
6428
3068
527
7697
4294
6848
6614
3269
3700
6477
1278
3305
4348
42
2853
6892
1522
892
971
7751
3851
6550
3062
2226
4538
6411
4701
2598
3096
2139
893
4137
651
1835
6378
390
7883
7163
4281
2541
260
7843
965
3504
2623
6353
7895
6033
1446
6886
2346
5998
4287
6126
2216
1132
1825
6638
6710
3337
7947
664
5116
4559
5544
7240
3029
4131
2895
1851
1940
1015
7104
2484
7733
2775
3455
4718
7202
2080
6146
4681
3706
4214
6451
3194
2172
681
5632
4195
4023
2061
353
5819
4388
5140
4106
7194
579
7830
4577
3107
1161
2474
2122
1131
3187
4286
2853
6135
1167
350
6404
2002
1537
3847
743
1783
4435
835
7050
5037
1822
4929
361
3840
418
4966
7704
6022
2968
4813
4270
557
7778
6750
5750
5482
1938
1697
3286
1338
5390
424
1929
3509
3020
5524
2283
5743
4335
7174
3381
2592
7109
1992
7323
4671
4977
4844
5452
1567
7759
2235
5724
1326
1811
7293
7221
4577
1316
6686
501
6938
1797
156
3655
5353
4236
3176
1743
738
1061
1972
6461
2416
2084
5887
1650
1597
872
2232
4664
3337
5068
6331
5975
3855
163
2120
1227
3086
3198
483
2499
7954
5050
1242
3083
3799
1857
3834
6800
1515
2075
720
821
33
243
2340
2465
6546
7077
600
2911
5272
6253
4864
4380
5046
2474
6330
1196
1911
3399
1496
3148
812
4134
7988
4878
5297
347
7393
42
5569
412
4250
1661
2426
3339
354
6265
1217
819
1763
424
1519
3978
4662
4229
2600
1987
5990
1904
4678
7256
1684
1401
6251
7767
3621
3553
5635
4168
6308
770
6364
398
3096
4402
4221
2570
4920
1710
405
6313
1609
4329
1360
1277
6873
7485
3501
335
6866
4283
6560
1182
6799
4734
930
1217
3589
6368
1035
4761
808
530
4423
5535
5178
4007
6014
5625
4419
5218
825
6483
3824
4249
649
6269
22
5876
3402
3560
2506
1805
5230
1723
4859
6631
6457
7696
5640
3322
6828
5512
992
6479
5971
1223
3998
2185
4901
1682
7353
5411
1954
2030
2755
725
1619
3626
77
596
3399
5595
2886
4757
7135
3824
3000
2794
7874
174
2093
1630
6321
4505
3213
3005
4952
5458
5640
4824
5871
4040
3196
2345
3121
5026
1766
5754
3981
7938
7031
6876
6001
3697
3242
1628
931
7064
3291
3429
1046
7740
1209
2764
3255
4997
4842
6984
4375
3115
1271
4575
6449
2468
1107
129
1802
6849
742
5417
1376
542
4263
6405
5182
599
6377
2171
5960
1160
1943
7728
2516
7924
3715
1255
5210
1944
7045
700
509
7691
1756
917
3418
5892
5278
2831
1978
379
1576
3323
6639
3793
2422
866
5431
5389
7184
6258
2144
2138
979
697
5270
7529
3677
3058
2059
4255
1744
2465
3385
5870
4946
3874
4790
2320
1589
469
3929
5807
304
6213
6628
307
3067
1839
7860
2552
3931
6697
2684
5040
2559
6671
2206
7698
2800
6641
6410
5319
3813
4650
4453
2832
4861
179
1365
7150
3473
7351
1825
4421
3730
2821
7909
6099
342
7547
3285
795
3469
5108
1409
4809
3230
4405
1261
6231
2282
1678
4851
7525
5409
2610
6499
1862
4331
7396
4819
4881
1286
1726
3508
7046
3702
4910
234
1227
662
3226
5417
6265
1705
4237
4945
1948
7365
7402
4512
1881
3402
1720
5906
7574
6634
7112
2988
7709
5980
5964
4324
6505
4879
5502
6592
2683
6369
1103
6351
3314
7691
110
6488
2777
2252
3066
1272
7369
2780
7019
4917
6162
1381
1181
6045
2747
4264
7567
2166
1239
7441
7657
1472
3337
980
6847
236
4059
5075
5345
5664
6108
1025
5510
5754
4233
1877
2636
2097
4233
3247
6074
4535
384
3205
2077
172
4747
3065
6314
2832
4853
1915
1798
5248
7695
4985
3537
1728
6893
4277
7897
5678
3871
14
7505
6927
4755
6577
3179
4398
1525
6999
4763
1631
4954
6275
5829
7683
3992
7215
707
4616
3419
5456
2585
7029
575
7042
4217
4764
7273
1307
276
6312
3840
5976
2275
1971
4779
728
4423
4491
3102
5817
3263
2281
3631
1475
1316
195
4452
6996
6488
2689
2015
3869
6165
162
3165
1358
2169
6773
6569
7684
3421
1491
1780
4019
737
6871
6877
3608
6724
4793
698
2649
7956
2822
4063
4083
5244
638
1224
7930
2717
1722
4396
6032
359
2528
101
1744
734
1682
3658
2000
7068
1623
6294
2833
6861
3454
3750
6994
4637
6847
453
2072
305
3593
5799
6604
4257
7783
2386
2352
5245
6281
3272
4897
2343
6984
6046
2397
6716
998
6689
1617
2619
1569
6299
3053
3518
4722
5245
887
6538
1549
7119
224
378
14
4797
3681
7638
6082
7334
3961
1488
4205
7107
5380
3003
4236
5286
4935
723
558
4685
2217
6187
5281
5983
4338
3014
1499
23
5302
3197
900
7534
3889
485
4658
673
5194
3715
1728
3416
1103
1991
691
5664
5660
522
2881
5662
1388
6498
1107
2157
5840
3181
5437
7155
6253
1427
4802
6227
433
4679
4924
7026
2554
5239
4989
1949
3684
6635
5287
6023
3677
3560
1126
6626
1434
6325
7897
701
6984
7389
5795
7826
7336
1267
6461
1855
1661
7600
3798
1840
6900
6122
891
7863
7059
7246
6294
2784
6964
5320
1754
3743
7116
5918
7805
1924
5495
6050
4465
1400
5865
1353
996
5588
6057
1402
4806
4593
2411
6442
3482
4286
1866
4919
961
4864
3030
5667
1521
4960
6032
837
7737
1471
1226
6664
2971
1659
3585
7138
2591
1711
5328
7094
7805
1110
6916
4480
7642
6097
7729
646
1944
1938
5474
3254
3600
6533
2140
3727
349
2605
468
900
3278
7838
4043
7796
7487
6486
4548
2674
4015
1611
4801
2697
4084
7653
7727
814
4274
3209
1726
3471
6599
2414
4658
3764
6701
4371
6361
7290
5387
4911
1102
1788
4556
2833
2864
518
4768
6838
6223
6588
6387
6442
1797
6199
3978
6519
4156
964
1481
1015
6833
4429
263
5998
6515
6096
4706
3
5119
6146
1117
6341
7139
3189
5497
3742
12
3595
6909
4843
7458
3897
3549
2313
605
6380
444
5247
3428
4416
106
5383
4830
764
6445
3613
7102
5815
5434
5408
3636
4380
7715
7830
5387
173
3487
6047
791
5259
4793
4361
1567
2510
1786
7261
3761
6214
1246
6420
2673
7339
3270
5240
6332
5145
3469
1661
2230
2199
4937
266
1163
1440
6604
5992
1611
5094
7524
5133
2916
4402
1381
5445
7888
7609
189
6237
6429
1367
6755
2212
6519
2702
103
5496
3871
3083
1076
2426
2452
6416
5772
3395
3713
6285
6389
6298
6515
1631
6691
444
608
7860
4295
6173
1596
2345
5254
2601
1609
7511
4672
320
1315
2997
5395
5470
5661
368
5111
1844
4308
1082
5072
1541
3135
2996
4057
2761
5383
3011
4844
7228
2223
5159
3012
908
4819
7812
835
4929
4277
1995
7572
2864
614
4007
3970
3965
5950
7705
2170
3814
2277
1649
2784
7040
4432
3197
1262
5129
6291
5107
6108
6192
512
6674
7860
5691
523
4397
6822
4584
3777
841
2128
2182
2295
4994
201
1318
3125
349
6102
399
3207
5758
2956
6793
3719
2702
6628
3011
1785
5974
2584
3261
646
3713
5683
5047
450
3374
4426
5877
1708
2533
646
6596
2154
5403
1823
6367
1070
6493
7462
5556
5197
1856
3936
3138
4615
3974
2681
1351
3837
2519
1634
1270
4642
1514
6000
651
7074
3122
3464
6700
7061
4188
3525
4558
4422
7724
5330
5666
306
3095
4303
3278
4017
1051
3370
2795
3073
1545
1017
6272
6771
3351
4346
5981
1321
7679
7593
7965
4629
7870
3722
2760
4063
2272
6806
1034
7993
5912
5198
1324
3922
4014
7472
5729
3399
6992
862
185
4631
6522
5338
3022
1264
500
4103
6538
3401
6273
1863
4690
2355
510
1571
1312
3798
5908
6856
6775
6330
669
2425
373
1229
2534
5420
1322
158
5217
2443
305
7821
7785
5496
2331
6000
4108
6832
1254
1353
5104
5598
3201
6872
738
7938
6718
6784
4997
166
6528
7322
6307
658
7248
5744
3237
5565
7520
6711
287
2180
7290
5044
7003
2912
829
935
3688
4333
5093
920
3906
1745
4306
1492
3747
7984
6736
2067
444
7304
1192
7330
5218
887
6288
5381
6993
441
6333
111
4894
618
3479
4581
3159
1468
3387
5481
6387
5062
5713
4130
6724
1374
712
5170
3476
1423
689
2280
3692
7904
2657
6171
3681
1701
7126
5473
3791
4075
5809
7522
2484
1866
6922
2566
7580
1549
1776
5018
1826
1238
3710
2251
183
4137
94
4635
3458
2806
6329
5466
4606
2156
4775
7545
4779
2171
3567
3019
5474
6196
694
3463
2111
7214
2411
5088
465
7573
4996
7822
5149
7899
7454
7964
4486
5649
3372
3143
7918
2153
6827
109
3635
1298
2850
2424
6121
6222
6371
475
6012
1951
351
2973
6098
216
6195
7050
497
2879
1161
3614
2944
4765
578
3461
5017
878
6058
3714
5269
4331
4469
2450
4149
1802
2711
3103
2968
3678
7045
4048
7492
901
838
2794
350
5010
2706
4094
7877
4383
7583
5733
6361
4097
3082
63
438
3976
5089
4205
7823
4032
3469
5229
239
6151
4043
5714
2898
793
1488
7054
2332
1781
1755
5236
1794
3848
7736
7330
2462
355
7882
5943
4836
3094
4102
3966
5375
5831
6230
5081
1167
4486
3769
2488
4693
757
2102
4914
4363
1936
6698
4719
5503
1327
8000
2074
6185
5909
5873
857
2369
6158
7796
7125
6030
6736
527
5784
4880
7093
2698
1090
757
6022
2157
5047
4489
6726
7645
4061
5785
1524
6300
1589
717
1328
2027
3849
286
5524
360
6097
7855
4919
1549
4088
5362
978
3279
6964
5709
7649
1608
1624
4922
4862
3161
2526
416
3527
6742
3745
1811
4857
2644
124
6361
4005
5035
6701
6209
7443
16
4680
5966
3136
2890
5277
5517
2133
7704
5231
116
2575
2160
6928
1326
7050
742
4050
5452
998
827
5127
2860
458
4236
905
4668
1388
3418
6873
7313
538
5039
7858
3717
210
7678
7575
2541
4827
2871
5426
491
5327
3389
6041
3596
3552
4770
3755
5585
5527
6889
1603
1051
2543
7715
3515
7106
2238
6581
1508
1814
3528
4617
766
7011
3925
7677
1292
924
1148
6724
3878
4495
6326
7128
5600
2678
6532
5541
974
7570
6266
3368
6253
4437
4539
6185
3025
6536
2982
6851
1334
2430
3896
4963
6184
4096
7096
385
2971
5989
890
7903
3140
2790
3609
5553
87
7074
6799
6339
4712
5651
5576
6196
7684
1142
3174
2831
6931
4309
442
3721
7156
2493
2335
6356
4891
1775
2923
1303
2131
1797
5983
1657
4039
1522
3592
3485
2211
838
6909
4293
1314
5021
7745
2825
1822
1021
654
1655
6178
7153
6837
2655
2006
5100
357
1400
3292
1407
7257
7244
4085
6131
5488
1704
3333
4655
7401
7463
3711
4936
7462
2747
1670
2899
5914
4614
3408
7987
2675
3962
5886
1483
1049
26
2810
1975
4209
2755
2623
631
3322
1341
7203
659
2084
4138
2645
5785
7319
5803
7330
364
3524
461
3622
1424
2295
5234
1676
7346
1472
4010
2166
11
688
2093
8000
872
4714
2107
5677
1156
94
4353
1225
1266
5822
7302
3078
7583
6544
6296
4440
5646
3530
1303
6120
3397
1081
2908
6976
352
7997
2623
2636
542
5938
6114
872
6925
6634
123
5122
3023
3915
3411
1034
548
2610
7991
2050
445
4073
4516
4820
559
5042
6050
629
7069
7931
4924
5350
3952
2854
7750
270
31
6394
7488
903
5580
4966
2832
4817
5682
207
290
5741
1423
6056
5322
7809
786
7882
2813
7872
6030
2477
389
4775
3545
7589
2987
6025
1284
4899
7703
3472
4605
235
1041
2044
2435
7287
3079
5494
4768
5728
4909
4713
3197
4181
6458
3950
2028
1000
4458
460
4228
7712
796
1690
727
6636
4346
7876
6362
6072
7865
6962
3359
5867
3365
3497
658
2744
4342
2921
6233
2902
6582
1164
258
2778
3001
2095
2757
5627
6395
205
6836
7396
5137
7177
7140
4871
5258
5811
7515
4861
82
624
1073
2891
1
692
4356
626
6383
1452
3895
4939
7510
7943
6450
3948
1472
5324
6294
4129
3962
5397
5775
6652
2357
5757
6519
6770
2231
1875
4771
3831
7752
5199
7753
3061
5462
1273
6477
3815
38
3526
2106
6041
2773
4888
569
207
3482
764
3685
3076
428
6351
5844
3463
2675
7583
2789
2622
2087
3751
7974
4480
2607
423
1051
3311
7339
1270
4176
4566
5066
813
7576
7135
1274
623
6555
4777
733
4205
5401
943
1014
6649
338
976
6103
953
7339
4995
3827
2003
4609
139
6944
5763
6279
2511
6502
7271
4745
2423
143
2598
6087
3704
7519
1418
2564
4748
941
7832
6640
2838
3729
4828
6553
2723
5955
1696
7627
4616
2551
5222
5350
757
63
5588
1812
823
5373
64
3462
4459
4903
1512
7842
376
6015
1005
4723
1903
4865
518
3146
5335
6699
5429
5017
2743
5715
4188
1114
3313
7927
5903
2094
1692
5635
2181
6553
5728
5051
7979
3016
2662
4913
4264
715
2389
5533
5938
2739
120
3999
1731
6601
4921
3546
1509
1402
5416
3866
4187
2072
2150
6496
3471
6450
1144
777
2248
7575
6456
23
3502
5619
7623
6655
7736
3386
4552
5517
4162
6014
2986
5619
6469
5777
4779
7502
2520
2122
2913
2341
2093
1862
3369
6468
3786
4182
3101
3804
6437
5053
1590
1946
5293
191
4410
6703
7306
862
2811
5314
1414
38
5999
2240
5113
3785
2615
1361
894
6351
2874
3927
4514
6689
3760
4914
7559
7156
1918
6477
122
3369
1264
7289
9
3453
3703
164
1566
414
7087
2564
4026
7559
4419
5417
1254
330
4906
2376
7235
26
7689
6555
6258
3790
4100
2429
2256
2986
5674
5365
2004
4011
854
7021
7031
1133
1370
3561
7987
857
6971
6941
1320
6578
7022
4490
7965
4789
3913
2270
223
5978
6249
6032
7611
2824
2773
5406
4381
5651
3136
8000
3917
4418
7471
5969
3452
2558
5833
7238
5982
6294
5422
5013
215
2804
5725
3404
2814
1072
7093
3918
3393
3806
4856
3655
6311
245
2444
6331
758
1094
3016
5135
6958
7840
204
7396
278
5339
2105
918
3684
2428
6077
2953
5849
4967
1089
3456
5782
4298
287
5916
6121
4901
1778
7774
2312
6072
3170
165
7980
3756
6861
4294
598
7889
1434
4526
7862
502
1117
345
876
4818
1074
7681
6704
7095
3004
3134
1944
2239
3605
6068
929
7947
6989
986
2751
4947
2087
4999
4298
394
5933
152
6857
4635
6119
6580
5532
648
4454
798
6351
5984
6246
7513
6744
2889
456
1392
2312
1849
6002
1982
7343
4042
5108
6798
915
4050
6241
1797
2461
4532
2753
5746
1204
1137
1163
6700
7254
4094
166
5658
3190
2461
2026
5066
4532
1313
227
5498
1664
7813
2353
3629
2998
868
3676
2372
4929
813
4292
1163
2243
3474
2895
2997
7509
6748
3530
5659
1668
6791
2456
5399
3505
7671
5792
7398
4414
3032
6438
1842
3583
7162
5232
7242
1306
3662
6969
769
1487
7743
6325
1707
3915
711
5170
5556
1482
3355
649
716
7484
7445
3201
3100
5802
1006
3890
7874
6099
3576
5780
27
3180
5159
4149
7140
3920
6011
2088
7057
7498
5055
5541
4637
5418
102
3578
6229
2202
664
7839
5500
2948
6972
4617
3661
4076
7505
1822
3307
2131
830
5597
203
1542
2034
4273
1199
1939
4472
2367
6100
2290
2642
1097
4032
2956
3470
7882
7446
6562
676
4771
5288
4180
100
2721
4256
2030
2202
7918
568
4486
7514
1874
6204
652
3935
2331
1485
1955
5976
3578
7010
249
1621
5498
4516
7309
7496
6957
5595
842
6674
2699
3560
7616
2064
5731
732
1274
4832
1121
3208
1024
6243
2343
7845
1972
7789
29
2006
4088
2579
7880
6522
6740
1217
5192
6151
7544
6479
3291
2392
7971
428
1741
6205
5245
2234
5232
1560
3403
5236
4051
1298
7630
3322
4255
6875
1040
6337
7643
1145
4105
7996
6137
6011
6224
3948
4736
7227
6002
7673
5216
2586
5106
1654
3140
993
4790
2047
4775
4918
7046
5327
6139
5290
7641
368
2510
5021
1723
3314
1348
7467
2012
5470
211
7210
919
3193
4105
3249
3112
7509
3035
6979
2198
6167
4128
2714
5387
404
27
83
1285
287
5310
6842
4020
2921
1957
1710
7475
6377
1745
4205
5760
6942
4616
2547
7392
7260
3103
3370
6518
4849
3702
4777
1887
853
3986
4063
4185
1327
3830
4997
1581
6574
3754
6178
4559
1376
7541
1135
2508
3611
5887
3851
7153
6051
881
4713
2688
5375
4433
7703
5281
2144
1575
501
5820
2260
2207
2460
2507
7121
6804
5591
2530
7884
6461
375
6764
3409
634
1226
5976
4286
2472
4205
2375
2416
49
5799
1404
1426
5833
5388
7649
151
5734
2492
860
3541
4858
5369
372
2551
6117
2821
144
6946
2371
2239
1350
2474
1463
2520
1042
3717
2808
6755
736
2030
6401
2966
6065
5324
5658
6013
128
5762
7905
1437
2441
6291
74
1516
4616
4981
4814
5694
2967
7039
7773
1559
640
3548
7215
1371
2479
888
5193
528
3751
4401
258
2161
5400
7421
1005
6031
6640
4410
173
4542
6569
6187
3964
4649
1366
310
7300
3245
1456
5304
72
6464
4056
3201
3714
1834
5181
3140
2546
4031
5206
3088
4816
350
5960
538
5778
6805
7999
3850
301
7191
6956
4801
4393
689
6587
5861
4111
1298
3196
773
317
1932
1035
4125
5088
7667
4650
5130
6479
2632
4578
1967
4792
7836
1119
1039
3315
5387
6170
4491
6847
4250
1574
7964
6719
7139
5030
5328
6128
1363
4634
3757
6087
4115
263
298
3212
2973
432
1635
3360
3808
7920
1875
2555
2308
6181
7759
1697
4167
157
628
1882
902
1842
1548
2624
1921
3948
1162
4816
2626
1172
5624
6863
7362
3635
2322
3886
5942
3289
7852
3812
3073
6340
4785
5910
6745
4601
4981
2627
7001
6892
6206
2758
6812
1942
2564
4665
6719
7520
2273
636
1045
1720
5482
6311
1989
2471
3380
5066
4055
4511
3786
3965
4523
2467
1802
7549
2295
6050
1536
224
4750
6743
988
2984
854
4821
2386
7397
1728
7001
1155
7749
4287
4152
6756
7780
5069
3737
3170
7053
7075
3281
7661
4379
831
4997
6468
6656
2747
7151
2688
3143
760
1048
268
7127
4450
2275
7330
2733
5171
7081
598
1139
2551
7236
4871
4166
1194
29
4151
5782
6252
421
5646
6231
2562
7991
5911
4217
2014
5017
636
865
991
4522
1982
6603
4410
3267
5625
6126
969
4255
5077
1556
7181
6409
4136
7059
7969
58
7808
5247
1354
7631
5606
4176
1734