8724
6857
3143
682
3821
2769
8058
5687
2124
3742
2933
9704
2384
8337
1328
6278
3410
8806
1279
2167
964
2755
2050
3755
4043
2364
18
8099
8694
7225
1527
5546
6100
9994
7019
3155
7586
9907
1151
2417
4189
4847
394
3127
8354
1529
8427
7498
8569
7346
2286
4513
9274
985
6843
317
6348
2731
1100
6067
4822
115
5659
8543
4451
6879
8650
9726
5045
9930
9953
3016
4677
7167
4323
8692
6259
9162
3038
7702
3944
4856
8332
854
2688
9893
3023
5777
7625
5963
6032
5819
8011
7216
2723
9006
807
9738
7560
367
4264
1383
595
5991
2642
1453
6680
8829
7310
7753
7172
9121
6042
3283
1725
5829
9249
3503
234
9181
8080
6007
7471
8085
408
5195
2183
3990
1563
4427
5519
6605
5826
9762
854
46
5129
3754
3745
1858
4983
7977
8062
1749
569
3864
9011
1889
7664
1130
7788
7834
459
2275
9320
4941
9754
5867
9384
2050
3261
9857
5164
902
3003
4135
6685
2143
5216
1857
6743
382
9990
3373
8123
3512
7885
8749
3620
5031
3841
3735
8784
5377
4114
9979
6924
1185
6373
1423
5081
4954
2982
1641
4521
1514
7565
926
1155
9460
7490
1497
1016
88
2230
5758
4815
929
8799
8684
2753
5075
1634
5437
1085
5814
2070
2833
3052
3916
8410
3877
1812
7635
2206
1217
4853
2639
853
5458
988
7766
3163
8643
9583
2610
6843
2567
4596
1435
16
7703
486
925
134
9550
2663
9594
948
4768
8717
7155
3292
436
2958
4078
7048
9182
5197
7580
2657
6036
4412
2616
1259
6937
6602
7711
1851
5492
5405
8053
9645
1439
5890
4707
8417
3796
5949
2696
2022
9408
3307
1427
8801
4957
5116
1420
884
9487
5122
3973
5856
3954
937
2633
15
7987
1704
7374
3433
4587
5682
7086
8010
5963
899
3325
4676
6799
3029
3963
4830
3159
645
836
4392
8847
7775
8918
9836
1397
2808
5262
804
6817
9205
2879
8383
30
5316
1369
1126
9056
5171
4953
7481
2396
7514
3213
8215
9448
4470
24
9474
394
31
8039
8107
1294
8458
9733
6605
5530
2425
5610
3838
5620
5690
3343
9899
5151
9437
4734
9076
4296
4401
7724
5430
5302
9359
1138
413
1558
8961
2008
3147
2228
4303
2688
4810
1101
8398
2972
1192
888
8202
3994
1194
7604
5779
9100
9104
4864
1580
1031
169
8377
2714
7652
3758
8210
5803
936
9649
3991
9835
6316
6125
8767
4737
736
2959
7048
7222
720
5674
6283
8578
2042
1661
2568
8158
1256
335
9643
9568
8901
533
6907
3901
545
1850
2622
5842
4936
7336
6855
8100
1494
6298
2208
4631
8562
837
4970
3544
995
436
2447
2742
2121
6516
1733
2363
8791
3377
3584
8675
6552
721
1380
1457
7383
3637
935
2663
8851
4693
6399
3414
8387
3464
7242
9447
114
237
2584
4577
5698
2038
6380
775
6722
5237
3579
2090
6287
9331
4087
9366
9247
6982
4048
5765
8151
7022
9591
3374
9507
4946
9367
5896
9620
4326
3366
4245
1044
8246
2100
6265
3414
376
9920
6960
5153
4987
5178
7351
9603
4418
206
4130
8542
4616
6243
8732
7762
2008
7220
8044
8195
3005
1423
474
8833
4789
8533
1802
1540
5387
8124
5655
5840
4228
2403
2385
4470
3705
1884
7485
9310
5087
1403
2751
714
3855
7574
1733
6349
6591
6270
9880
4408
8443
3057
7476
6018
2173
2851
7150
3696
7853
3652
7038
8263
5030
5692
5333
9091
3442
9270
82
193
3500
4690
8838
2917
3513
9637
3957
4882
4586
9609
2272
6567
2403
6308
8202
6128
2298
1450
7681
6797
5515
6750
8171
6906
1979
8681
8501
6797
7602
9895
1841
8250
5104
1664
4779
9298
9031
3043
8643
4084
7196
4141
9133
8532
4580
1126
9971
253
6461
4960
6451
6849
6453
6391
4866
6813
8100
5246
1845
9901
2738
2321
9641
8324
1198
9049
9061
1620
1822
6524
5427
2187
9465
8041
1307
8789
892
2573
4788
4405
4660
221
3995
8632
9728
4669
1067
6871
4117
9527
1192
925
7494
3888
3556
9263
9269
4808
4429
139
8691
6110
288
2466
5857
8512
309
1887
4460
9790
3453
7907
9514
8916
377
5230
4383
8177
3754
9690
838
6793
1388
8852
2855
3571
9014
5105
1255
4517
3532
7319
4420
8549
9718
3937
8073
3171
3820
6087
8364
426
9768
178
2091
6127
1171
6856
3445
4377
7155
9712
8560
7339
9527
8499
4161
7517
6566
4057
2340
4118
308
1004
2568
3710
4373
8868
9250
1674
6632
1092
2775
6843
6654
4982
9530
9275
1210
9299
3077
6362
1504
8327
376
3520
6248
5376
7370
59
7278
5400
2758
6730
5320
6135
3750
5845
6162
8862
3635
5848
8465
3868
6323
9620
6190
8739
8089
5601
6092
2754
1043
3681
7575
8583
348
7933
3588
3377
7373
5266
3587
6606
2583
6638
8989
1306
7513
1381
4520
9622
8626
3019
3990
6989
7225
8831
7744
2776
4455
1409
3319
2725
3861
2342
2807
5540
9896
9852
7658
3626
7328
8557
4688
4085
8462
8424
4464
2493
918
6649
8565
5935
9822
9217
4339
751
2968
4784
6783
3179
5737
3091
111
4246
2182
2254
5376
5139
3657
9863
5725
1566
6220
8560
4149
7089
8709
7867
557
2204
9351
5672
2757
3980
3843
8812
6203
1066
3289
5147
6675
8893
143
4214
6552
632
9960
5210
3874
2238
5729
7072
4586
1955
8027
4740
2853
6597
8195
9079
2145
4148
1860
4648
7374
8167
147
497
3791
9731
8456
751
3829
7411
8511
6852
8620
9073
2430
2965
6599
1485
2129
9897
6875
4560
2058
9862
2294
5223
6205
5557
7103
3615
8751
1610
8152
5586
3538
3525
2413
9700
3798
8582
3952
3339
844
4364
4418
5857
9753
6446
1848
1664
6599
2964
5141
3936
9504
377
8600
8568
2720
6398
1016
128
8292
4134
4778
2547
2449
9706
6271
1664
6601
5881
6259
5329
5061
5191
4597
5498
7297
437
759
9649
4275
5436
1982
8040
1145
2447
9064
5432
5504
5349
5963
3081
7552
360
5907
4414
1449
8397
2499
7481
5714
8204
662
6166
7224
1325
7336
4884
2958
5876
9590
8120
8420
2985
902
9850
6696
7251
1844
6237
8072
7175
1679
5907
9412
9651
2420
2910
8141
9131
3430
4133
1364
1542
6436
8005
1533
6721
476
4559
9472
3605
2870
9068
9336
1210
3225
4285
6650
4372
5743
4633
7089
4710
509
491
2321
4679
3991
262
1056
3984
4321
6699
9846
5443
6029
8016
8074
6071
3109
6410
6479
5141
6305
3509
3386
9748
626
1381
5474
4195
5289
6228
7411
5383
709
4727
4083
2085
3104
8651
5465
3278
9306
6159
7331
7753
4948
1915
6210
1066
7245
3864
4078
6576
534
4834
387
5080
9902
729
4376
2689
2967
7263
879
5185
18
8159
4065
9954
3164
3756
4208
6415
9278
9744
4251
6041
5428
3302
2790
3793
3562
1742
9357
7031
3268
522
2765
3263
9039
2962
500
6563
6460
4732
3048
7509
7279
8313
230
8460
9742
9888
5656
3886
6933
3676
9577
2805
4008
8435
2762
50
3998
1063
6853
6727
8275
6412
1427
3503
6902
3590
6005
9732
7346
5367
9044
2959
7073
2170
8405
1668
9147
5378
5613
4410
7252
1971
566
3830
2111
620
7550
4919
3797
7820
9560
7736
6755
5803
2603
4888
7158
6320
3557
5562
789
2831
3847
7265
3194
9126
2556
2483
5831
8491
3893
4332
8387
9793
7527
910
5632
5162
725
7465
422
9948
9541
7583
6935
1418
8171
8569
7186
5206
8192
8260
2870
7009
1998
3408
816
6922
7591
4436
4950
9566
2692
9991
4466
3952
7559
378
3211
672
5480
5521
5439
7468
9080
4165
9297
7587
2053
7421
5546
886
5871
4344
3797
4744
1709
3217
1819
9068
5326
957
6705
4173
5315
3422
1247
5800
4684
3054
3812
3395
8598
1484
9737
2700
2530
4891
7856
2038
1760
1157
1194
1046
2431
5728
8474
4053
8126
5043
6651
9847
5137
394
8582
8489
7768
1037
446
6649
6227
2156
7002
6530
8377
9557
2804
406
1939
4972
8162
3329
6786
3510
178
2807
3060
2879
4028
5163
4510
9040
7185
8354
4542
3112
4475
7823
6116
8866
6629
5892
2627
5869
1759
7158
7702
764
8867
1533
7958
2886
4582
8951
6470
2431
3783
9349
1854
9294
1742
5036
6109
4995
8276
5810
7695
8380
9843
1691
1297
6465
2783
9200
8897
3558
5524
1420
8099
9131
8159
2279
1308
6654
8909
3968
694
8049
1225
5209
1918
9581
5375
8721
4889
7764
8157
1908
584
6073
9132
972
2947
1998
6580
483
6277
7728
9622
6213
9746
5918
2610
2160
5714
3462
2578
6519
7584
1466
254
9067
3387
3460
9853
4179
1552
4181
2920
901
3065
8948
4642
6195
6363
4316
1789
8555
7699
1769
7383
8054
5983
6886
2348
4442
3046
2561
3723
3849
1605
9967
2309
8430
9822
5251
4193
714
3040
6491
5531
1626
6215
9733
4709
8993
3865
4635
95
9701
5597
3456
1576
9547
1619
6842
5829
4212
5326
415
7555
3337
3562
1189
5590
7492
6857
628
8828
4106
4859
7255
5684
5607
1137
2319
5184
8730
4998
318
5122
3883
9210
1007
5913
3023
8697
3959
203
8819
8649
5614
5113
1609
9613
4486
3748
5823
8132
8875
6370
7504
6733
5100
1747
7226
2305
2084
4852
703
3272
3944
2537
1161
4238
8120
6933
2848
9857
1888
4521
7015
1032
7395
5331
7563
7589
2635
4949
9137
9165
9960
11
1476
9860
6545
313
3057
2840
312
1979
3541
669
5836
6109
8509
6307
7250
3206
9520
9957
66
1017
9700
804
9328
9791
6717
471
7206
8424
612
3903
9552
3213
7377
9633
7584
5677
812
1387
3147
3438
6024
1932
9151
3943
4691
6781
9430
606
4294
2054
6126
5704
4458
1362
5531
3245
5161
385
3191
2753
6738
296
9945
7020
7694
6446
9991
9080
7746
9853
7375
6327
6631
136
5486
4699
9858
1587
4775
8124
1583
9479
8374
9495
4143
4035
6360
3298
505
5164
1905
568
6154
988
1066
6224
6493
7943
898
5720
825
286
9081
10000
5449
8527
3030
751
1033
9678
2760
8678
5116
3353
8499
8348
1711
1910
5844
6932
7542
7587
9623
90
281
8432
8488
3443
2234
131
6020
9091
4998
7229
4824
5714
1550
2551
637
8092
1245
1526
3189
469
5886
9440
7591
7458
678
7166
7227
796
4723
994
164
7179
7247
6203
8280
5283
6364
1029
7231
1207
4585
3523
3812
1570
7835
608
7680
2888
7792
9436
9091
4412
5536
2595
3465
2324
8086
5052
1330
9430
739
5933
9700
6897
2182
413
9939
5334
4286
3457
7022
5557
9542
6197
943
7232
7025
7943
9038
2912
1976
2195
4912
7785
4759
4362
221
328
4957
5974
7630
471
554
4528
2547
8018
1625
3809
4005
7886
4258
6840
7315
5650
6705
4729
8974
407
8654
6301
6941
9949
3681
1542
8800
434
3318
8670
1255
4878
1434
9344
9232
6732
5348
4821
6452
1659
2135
8083
8553
5529
1912
311
5445
5798
8362
1250
1551
2039
4756
7533
3056
2456
349
4357
3414
2895
4590
3121
203
5454
9681
6886
559
2016
5947
7150
4845
2569
5442
6148
3095
2869
2985
3753
9603
7991
2570
1268
8622
7857
3320
7552
3400
2745
8932
7426
9749
9207
7113
8680
8573
8352
4407
8015
3263
5962
4768
6166
1805
4823
4305
8600
3227
8440
2463
420
2814
5889
496
5246
5927
7556
433
1002
1336
4407
7930
1487
5170
8409
4687
8967
3456
4128
393
3003
2676
8027
9090
3542
1559
9898
2737
9053
3776
7340
2230
1530
989
1394
7972
4721
2560
1136
3435
3850
4192
1799
3993
9999
7701
746
5149
4720
6545
8960
8702
8510
9262
778
7156
1202
978
506
2328
8771
813
3147
516
7047
2449
6972
4055
4189
5073
6385
9522
190
3644
5778
4858
8254
6676
2250
4156
1391
3219
5459
6351
9819
595
4495
2363
6026
2001
8984
5389
9390
6200
1630
7411
3025
2894
6804
7050
1833
1203
4898
3200
3464
2166
7657
8720
1838
3176
4326
9809
6221
1577
6818
2539
7600
511
775
9212
8330
2743
7897
3117
9538
3441
1580
592
3792
4012
9596
9690
3565
6424
7575
2438
7576
7276
9697
2105
5146
5461
5244
5518
610
2904
8537
767
304
6330
6668
5962
3175
4999
8732
285
328
9315
2843
7626
4205
6441
7265
6385
5142
1986
4633
6887
8093
4289
2761
4461
8436
9860
3889
6170
5497
3155
6727
6146
6464
296
5660
9350
6538
8280
1738
9561
1525
7092
6068
4157
1069
8534
966
9632
4051
9014
2945
8336
1994
9320
9121
959
3584
9120
8957
9284
654
205
6148
1832
5087
190
5365
2773
8620
533
7074
8039
4418
3878
5343
2207
2472
9479
4871
1719
6234
5458
6222
8634
6407
4821
9475
4463
831
1310
8526
6728
2685
3474
8348
5552
262
3846
5882
4869
945
3736
8190
5552
7525
2290
9817
6514
4121
1743
1877
7771
6910
1272
3104
1208
8347
1042
236
4342
1768
7551
2346
6343
2625
2260
9252
4967
7396
1774
9172
3230
9521
1065
5443
5993
7929
4869
7692
2057
1146
9748
2778
5430
2985
1834
2424
845
1000
1412
2086
5815
1164
4907
5873
1951
7624
7832
372
668
8754
742
3427
4980
7451
1102
9779
6384
4364
2834
3245
6106
8278
9228
4894
5606
7409
6346
8233
4899
7773
4614
7409
5069
6402
1053
5932
9455
3325
3137
8396
5070
4457
5164
3057
4648
4431
4401
5576
7877
7017
35
9748
655
6568
2830
8774
5549
9437
9101
4737
3062
2871
6273
2537
10000
1933
8708
293
6223
6009
592
1626
16
9255
4850
9063
3510
8126
1990
26
2848
4460
6337
4314
1550
8196
9626
3293
5420
5751
6506
6111
1510
2899
5192
3194
554
7324
2128
3193
9803
7585
2089
3724
9996
6906
851
9631
4853
4871
4866
6286
3422
4366
6773
5145
6621
4875
8705
7436
8782
7499
4031
3267
6973
8514
8887
6891
5772
2474
6325
6128
8548
2504
6799
5384
6507
6031
7663
4359
1002
2771
8653
5314
5798
3225
6335
7454
2959
810
1007
1847
9605
3867
4010
4133
577
4633
4265
8824
3370
8294
6172
6753
9707
9980
3636
3304
8045
7876
8921
8699
1665
9013
8475
411
7084
5508
4051
9623
8892
1417
9837
314
9380
205
432
4126
2982
3173
7029
7667
3088
5132
5008
2778
2660
7829
440
4938
1231
3400
533
9867
5115
8489
8699
444
1468
4006
9456
5903
8037
119
685
8852
2902
4054
8896
3948
3315
9713
1885
9761
5806
6087
972
1001
9330
7305
1063
9463
5122
7952
1911
2979
6379
3111
9649
7918
7518
5305
4829
2271
8349
7384
825
6873
3379
38
7862
4843
7529
5932
709
1542
2898
6199
6063
5664
6797
5244
8079
7763
6941
2824
2478
5125
1497
2451
4885
8199
6190
4263
7666
498
3252
2434
8217
9209
2670
5908
7532
4700
563
5195
5543
7412
2732
4367
6177
578
1398
4749
6652
5101
2077
5481
7064
1038
6632
2889
1922
6518
8601
8738
5685
7246
5304
1519
4485
3734
862
7720
6489
8379
1950
8209
9815
1542
8479
4095
9549
2235
8269
8873
1862
3391
5219
2627
9031
6696
6489
3784
2430
9657
3718
4970
5296
5681
1166
6705
7513
2000
7738
5893
2722
4283
3650
9391
5495
2375
1696
4011
4017
5016
1289
4993
1796
4495
2797
7066
9039
5311
3265
1871
5883
7862
6603
1853
3687
3789
2054
1215
1340
6555
7889
3919
9193
837
741
6833
9261
9198
5368
2616
5922
917
3085
8958
8408
9883
1969
5234
1265
471
8146
4034
4051
75
1171
6940
7904
3535
381
7465
5384
187
6654
4426
5637
1364
3566
816
8396
6008
251
3887
5391
1677
4058
2077
2775
1614
6298
8815
6623
5973
5493
3708
815
1545
3516
8085
7250
7016
3752
4077
174
7260
4296
1425
889
1026
3798
8085
4344
3644
2850
8177
3827
1585
2831
6800
3035
9389
1503
5665
7746
7410
949
3502
660
8280
1901
8997
6212
8863
4083
6386
263
8328
7485
2060
5766
5701
8443
6820
9236
8425
2668
7505
3971
6227
2218
9564
1010
7836
4672
4814
8828
1256
9780
8205
6020
8205
1921
1503
9623
3468
3263
4849
5509
7928
9016
6711
5086
2625
6975
8463
3589
9032
1583
8304
5408
5438
6594
9085
5555
3403
4327
4310
456
301
211
9417
6545
5921
8045
3084
4823
9837
3377
3995
3060
2130
9441
4268
7318
1097
8267
2678
6987
2080
9564
5023
2142
8667
6154
3188
4087
7961
9640
3920
6061
5789
9467
1633
2603
2008
615
2993
9598
676
810
71
3402
9252
171
3327
1985
3597
2032
8875
4239
5926
7097
6874
6116
7782
5533
512
5153
4159
9713
7733
3365
8568
1253
2410
2081
6719
5703
417
7094
777
7
4612
2497
631
3893
8845
1472
6948
56
2241
5609
5310
1236
2199
4172
1499
7439
5634
7529
6707
7115
9171
1761
6449
2717
9377
4652
9587
5024
3655
2992
7182
57
542
149
9960
3493
89
8422
7431
9495
8494
4965
9938
4329
7064
7717
9126
1432
9066
923
2966
7162
8059
8217
9204
6101
2393
6899
9110
3030
2136
7517
1871
5514
8212
5821
8058
8022
6237
5083
4571
560
5010
5235
6048
2832
9017
6615
9439
5863
9326
3226
3783
8219
4713
1265
4083
7684
7180
8718
9139
7290
9749
1050
6549
3293
9652
8233
820
9321
8930
5030
8087
5212
8013
419
827
5582
7522
5004
8896
3570
4465
137
3912
5594
7159
1078
3875
9289
561
3525
9943
4186
8550
6456
718
1649
9529
6733
2616
5972
3561
4943
7536
2372
4482
876
4149
3220
6330
3492
3896
3982
7830
9197
7005
5072
8606
5750
5982
1381
699
824
4902
5453
8400
698
8620
8451
6482
8109
8523
7632
7537
9275
1095
1999
6888
2723
6672
7077
3306
9746
8839
3885
1131
789
5582
3582
4820
9066
8
4414
7577
2862
7276
7575
3453
4538
833
7236
2229
1344
3895
9121
9394
9866
2448
7
4008
3746
8495
1377
6797
7918
2843
758
7424
3553
9387
575
9597
5557
5295
7165
6608
7965
2879
6927
8089
9861
3377
113
9975
1064
5216
7067
2760
4922
6492
2029
5365
2633
6347
3813
2987
775
114
8314
5424
1085
1378
9770
3069
9196
6664
9001
3279
1201
9319
6412
8629
9978
9021
8729
4917
1654
5041
1696
1170
4022
3744
9403
4195
8745
7003
4048
2744
8508
8677
7045
790
3041
7000
1905
4386
751
3647
6981
7687
9565
7606
7829
2047
9724
7740
8553
5413
1945
5778
4702
9866
9533
843
1554
7264
2259
1396
9219
815
2398
6556
3176
9822
6456
7857
1883
2043
7412
81
5513
2551
3402
5220
3583
6150
3912
5883
6925
9481
566
8932
4422
9830
8875
8938
2763
5387
2406
4959
8744
2354
1935
4695
2898
899
6070
3765
8286
4552
8912
5021
3302
5152
2366
2343
6298
7819
3435
8492
1961
9518
8625
6128
4930
7154
9464
4651
7766
5387
3925
8658
6912
438
25
9749
9607
8939
3502
7349
7288
9849
530
6180
3922
870
5452
9548
4515
9498
7569
8747
9831
1560
3061
499
7839
6284
3129
7866
8215
2766
1601
9494
8306
3357
1645
1747
5073
2395
3267
244
2173
2584
1227
2539
8005
9288
6351
8937
8456
3743
1751
6771
3181
9239
9484
9561
4774
2920
8595
5598
2587
6603
5189
1986
1292
9370
5199
2142
9006
2773
7940
764
1858
3976
2174
559
1494
2182
8861
9692
805
3563
2361
149
1673
7956
4601
9523
1483
1594
6977
2404
2344
2213
8103
7759
7008
4754
4870
4850
3116
3173
7416
6423
4729
3276
3664
3862
1995
2705
5161
596
1864
6506
7270
3018
5320
229
8130
8153
9383
7776
5340
2566
9378
8195
6482
7181
5919
2565
1364
7677
1927
2575
5459
7905
1764
1302
1333
1142
2261
2147
1997
3731
2166
8067
1222
1696
8858
6952
2154
7410
9517
3305
5425
4489
5388
8791
670
4795
7413
3607
5800
2139
1608
5918
8181
9274
9307
4216
8606
3220
3152
8962
800
2696
7024
5321
5623
7291
1864
3334
3181
4923
7495
7427
1515
4431
1190
4164
7349
1410
6688
271
8755
8271
3393
6398
8441
2567
27
8282
6002
9117
4512
770
6793
6611
985
3101
1001
8097
8049
8031
2742
9844
5441
6837
1315
9211
9319
9221
5159
2928
3094
2588
2461
6738
8269
6294
28
1080
4622
4878
4800
9111
6892
3521
961
6485
691
6094
6327
8674
9992
9684
5285
7253
3550
9170
4896
1770
3021
4959
9629
439
866
2826
4629
6748
1920
1590
3436
2720
2776
8645
7276
6032
2273
9815
7771
5995
6569
7007
1789
3320
4427
971
7
3711
5423
7362
959
2981
4252
5910
8617
9492
5640
5547
27
1537
662
3262
2500
6069
8390
9412
9136
6482
4255
8989
7901
2478
8599
5756
3037
9760
6219
4092
4600
1354
1927
210
6856
5805
2362
4717
3551
1433
8246
8362
9373
4266
3609
8039
9108
4666
7024
3732
4210
7048
7549
9892
2128
456
5248
1776
5641
8008
2865
8944
9381
2056
3158
6738
4849
8643
5313
2806
898
8527
5072
1673
0
7680
7685
3096
7983
2900
1416
9121
9975
9672
8006
5135
3751
9418
4312
8437
6417
4054
2024
2159
2277
144
283
9991
1835
7806
6990
7898
9985
1126
2482
7748
7671
3384
3480
9726
322
8762
8933
5739
3461
2491
9503
5864
2155
8715
9079
5677
3889
5492
4170
7753
2337
4094
3049
1998
4522
5937
1344
7121
2941
1883
6707
2296
7694
8122
2883
3875
2122
9286
313
1868
9868
427
1655
9386
7092
9970
4249
9941
6691
3834
5032
1369
1326
3253
8250
8363
8069
337
5379
8540
3146
7686
2111
3234
2597
2110
4019
4594
4876
5591
1743
5742
4000
9877
8708
5945
5167
7966
9331
2823
3560
2586
3953
7711
8479
9231
7376
2436
9889
9992
9467
7494
6079
9703
8476
2740
476
8416
8251
2878
8226
1104
363
2250
3340
6381
3554
1592
4884
8747
7479
9465
9897
641
3406
4023
5785
1520
8469
6685
9361
6518
3554
275
9470
6574
3104
4615
7725
4667
3128
4881
7728
9674
8496
322
4734
7772
4317
9409
3907
4055
6122
265
6997
6826
6576
4890
727
1539
6082
6867
2711
8415
7175
9091
5060
7053
7645
2502
6483
5811
5241
1220
3199
4713
4847
4387
9754
2
2526
2220
9184
4337
3036
6374
9216
55
5030
9269
4972
1462
9752
9384
8113
3565
1040
7888
1540
9041
9738
1249
4591
3523
378
8202
1102
7941
7657
5140
9081
5513
1695
9069
9579
2117
9892
6625
5967
3881
3083
5593
5097
3637
6259
5173
9478
5317
2434
2702
455
3476
1523
5891
8107
2343
865
1107
6421
6205
6982
4396
8793
8301
8581
1290
8929
3155
9871
6091
286
9881
4987
1573
7123
8832
9337
6276
6953
5445
7575
3948
56
285
5144
8087
7114
1098
6176
3428
745
8690
1377
4933
8130
7213
1598
9920
9151
2279
9816
7960
5748
7887
2843
7458
1719
4544
8547
1108
5021
1785
234
1071
3985
1643
8632
2344
7621
4866
8565
2770
1215
5738
179
8725
8864
7313
5166
7002
3275
7007
7247
2701
3476
3695
1649
5059
252
8339
9139
6428
1911
5186
7041
5910
3591
2402
3107
9988
6755
7332
9240
9468
4007
210
1271
4786
6439
9178
9035
8530
403
4762
9738
3015
460
1448
2420
4859
6628
4774
4311
7222
3092
5450
7156
9209
6457
8120
8196
2609
6203
8287
4446
7261
8184
3699
131
7556
7040
5191
27
5606
294
6801
5924
1457
2571
7028
4015
6430
252
6275
2764
7886
3906
6595
6195
7205
8251
248
3079
1126
3549
2607
2097
2365
5954
8803
5444
2443
9657
1609
5823
454
1539
1129
1042
319
1320
5828
882
4770
9406
1902
2196
4279
9832
6494
5608
5974
8639
4324
2535
8915
9416
54
4780
5
1144
2730
5996
2208
1925
3308
3003
3121
9077
4572
1935
2324
8271
1836
6569
9169
4062
3612
4845
8444
2056
9665
1978
8802
7294
7768
4279
5941
1420
867
4394
2860
1914
1574
3048
7264
2331
5091
7153
9487
6368
6000
4132
1126
6725
9723
1767
4172
4031
112
2995
9576
1254
603
705
223
422
9309
1016
217
5303
4337
6694
8058
5999
5906
1555
1921
9137
7043
1043
8885
9367
6256
6539
466
6738
4992
296
6607
6538
8491
2514
4442
711
277
7158
7997
9852
9396
7321
7302
5824
2390
1771
3629
3731
4600
6065
4840
4597
4297
7520
894
7015
9527
6835
973
9282
1758
693
379
988
4537
664
1889
4418
5908
7893
7923
3701
9780
142
8992
1875
2334
2287
7039
2214
3506
1940
2189
1864
3789
7526
3877
1660
3572
1232
6414
8629
8295
3871
578
240
533
1654
23
5863
3313
3963
1197
8250
9770
9542
4372
9998
3812
5496
6703
5405
186
8026
1493
3370
3551
3910
533
1406
5723
8185
7086
4672
1569
2862
747
3363
955
3809
7492
4758
2844
9667
311
604
580
9806
7409
2115
1701
3788
1768
6145
8898
6797
4934
5422
8998
372
6289
3451
2335
3229
2084
6711
339
2652
7588
297
8876
1457
9595
5833
8962
9869
7174
9028
2828
9723
633
7356
2918
5016
3010
5173
3802
7023
7670
1044
8230
6194
5778
8283
1562
3450
4391
979
1064
8368
9622
2620
3513
9007
3094
4173
7711
8743
84
1916
2407
3234
8884
243
4855
9967
4140
8061
8395
1766
8056
5502
3248
5813
9996
4867
7721
8182
1889
2590
3151
6496
1130
4042
4177
6218
8021
7547
8139
4622
1851
1195
5984
3559
522
1907
9886
6371
5331
2083
1489
9969
424
5750
4781
4766
3699
1296
8687
8844
9549
6619
6736
6613
1423
2403
6430
7827
7100
9287
2388
608
4014
4084
8118
3386
5181
6577
3937
72
4977
9927
1888
5820
4382
1502
9512
6657
3497
7221
5958
113
4583
5260
3903
8605
7718
1412
8957
8961
8633
6003
5423
2636
634
7399
1520
9607
3288
9722
8698
278
3385
6856
7729
62
8823
6678
7670
3253
774
8493
9120
9149
337
4916
1856
6861
7456
5242
2948
5697
9465
6152
9119
861
6829
8861
5702
7363
5659
9621
7889
5787
7443
6888
8253
1805
4607
4929
7636
223
6099
661
7290
6443
983
3662
6304
1326
7975
4741
4062
3080
2479
7446
6766
6638
5499
5554
8469
7843
1633
4882
2845
7166
163
1045
1913
6597
7654
9866
3852
8155
6601
3023
9285
5517
6311
2184
8935
9561
8056
3261
419
4458
7411
4344
7919
1145
1533
5854
4733
1573
1290
787
7564
5301
2285
1673
140
8243
1771
8263
4196
2441
2385
2871
3212
5618
5682
5089
3251
2702
6042
3321
7782
7198
6191
9771
2284
3441
9326
952
9541
3597
37
1884
2277
8639
5794
3153
2838
7960
7294
9067
4187
9543
4835
8162
1253
795
3724
4603
5290
5680
4935
5823
4793
8933
7293
4758
432
7705
196
941
1641
8454
6990
3105
1585
812
6780
7306
6299
1880
826
1054
4680
4559
1783
7933
1728
5518
7064
2202
3760
6722
9746
9027
3539
5582
6773
2319
5201
9903
4222
9117
3150
4896
5706
9583
3568
3737
5097
2251
3943
5898
4035
3844
4527
9484
5675
1410
6621
3148
6326
6151
8606
4642
4274
2534
3400
6386
461
8163
7192
6102
5202
49
336
1486
7944
9315
5907
5694
9835
3509
2984
7484
3256
2175
4271
3860
7499
9202
9055
6630
2400
6980
68
8654
8773
7497
3461
6379
1772
4270
1247
7467
2471
1283
2361
3006
266
1280
9168
1341
6988
5314
6875
5144
7647
9209
1586
7192
9109
1805
6816
5560
1226
7788
7250
4888
7042
5356
3900
5103
9592
5294
1329
5316
5577
8789
2228
7745
3162
2885
4140
6737
9996
8491
2892
7007
5418
8216
2337
1598
2693
6167
4731
4906
7725
1112
6878
5441
4693
3608
7013
3259
692
3206
2071
4741
9315
6042
8129
6686
1654
4218
660
879
6499
5309
6581
5667
8613
6016
6341
1912
5094
2805
9285
679
9835
2002
0
7354
872
383
9373
9401
3319
8796
7355
1518
9473
1479
4552
6011
577
3807
9415
3338
7172
9815
8882
7075
862
5592
2277
2489
4966
1771
3464
1565
908
5491
7231
7653
8207
4968
1469
6741
9611
3366
8018
1108
4046
9275
555
9063
8113
1967
2768
5962
2950
6223
412
6462
7706
7225
8669
2539
181
6220
5206
9386
4657
3224
5434
1564
4842
9019
2799
5099
2715
2093
2266
2028
9261
9860
2399
1619
6141
7305
4558
964
5102
6027
1677
9386
6658
4482
6949
4946
4830
216
7940
407
1397
8302
5131
4336
4701
764
2565
5982
5984
39
9235
9153
4805
8095
3060
7710
2381
2690
7539
9556
5360
8847
127
1187
8762
598
6290
7115
3239
5236
1501
886
1460
2222
7185
8971
7965
8533
8777
8711
3620
103
4478
6787
6318
3330
3948
7954
2304
7617
4107
4800
9694
917
5894
6965
6650
8921
6209
5032
7893
6582
4052
9918
8825
4654
4808
1591
7039
796
5112
4566
2040
7669
1836
1659
5215
8491
4864
301
6633
7080
4972
9623
9682
3794
4081
1027
7325
2661
8475
5826
5458
6044
8701
4663
6215
9900
9959
4879
4115
8774
5691
4141
815
1781
7236
300
9511
755
8039
72
1574
6561
5417
1988
9193
5294
2205
6871
9006
9512
9248
7637
5631
6930
8170
436
2889
1300
2110
5119
8814
948
9183
4590
804
9791
6703
7419
8240
3720
1777
1308
3562
4603
7352
4441
8377
4981
6932
9092
4353
6932
5913
3891
2692
5330
355
6399
2507
6153
1407
3788
7139
7192
5424
7409
8342
2843
9554
2972
904
8697
1417
6347
2692
5017
9741
8658
9428
2170
1061
9833
5015
3374
1989
7329
5275
4549
3300
6408
5066
3958
3912
3541
9437
6677
1669
5546
9350
1594
5794
8083
8359
2100
2060
7794
1182
5609
7566
8391
8882
1420
4421
2064
6085
1266
6731
8725
1005
9593
9973
3016
6468
5968
2600
4711
7794
8925
3222
6729
5689
6013
6539
7497
5479
1984
3212
1942
6492
8398
9953
5550
5994
5160
7162
4963
6486
5928
3884
8309
5041
6674
1107
2326
3231
7566
445
6209
779
2946
8295
9638
2808
3246
8643
1955
6363
651
597
7049
1616
6644
7904
3602
5488
4084
9410
1509
2210
9479
2976
4334
2392
627
2729
5220
1886
9215
6813
8811
4686
7368
8334
2777
8257
1733
2342
1425
220
9656
8802
1681
5457
9062
2568
1661
717
7341
9792
7391
2538
4216
1924
806
7394
4111
90
8367
6465
2677
1616
9893
2113
3256
8258
1878
7476
145
7443
2859
592
875
6772
2530
6030
5938
2834
2653
4419
7840
7877
6450
4510
5293
1092
2661
6944
6858
1184
9449
9597
6888
7402
2416
7831
9797
9713
5390
1238
1496
3865
5570
3683
2431
5225
1218
1598
7329
9137
3253
2621
5974
3909
8509
4694
704
8665
5492
9825
4574
3142
8637
4137
3411
3499
5661
9052
5113
4238
4186
366
9627
9378
2998
8352
3620
5545
7036
43
1809
3343
4671
3410
7094
6187
8061
567
2742
712
278
9790
2193
372
3506
3813
9681
4578
1283
522
4551
7586
7206
6706
4389
1692
4552
4154
663
4114
2211
6152
5119
1346
4112
6689
7984
633
4541
2444
6751
3937
6488
4728
4618
8023
7736
7620
3701
3725
6511
797
9208
6894
9943
3537
3524
5874
596
7003
9030
6266
7419
5285
6143
7409
7888
167
4344
9099
7784
1474
9193
3905
3112
6360
8590
7976
7577
3535
4365
8831
3751
879
49
3619
8069
5477
2442
9056
3989
7992
1963
486
2269
6523
2498
9048
2255
7131
6197
4947
4776
8490
1939
8403
4852
4642
8510
9385
232
4619
2154
4596
7620
8938
9054
9328
3628
3499
5805
6156
9377
2285
2638
6054
8985
6026
9414
3402
9130
5331
9202
408
6483
2157
3430
8431
2995
6234
6922
7122
8639
1181
64
4309
2701
1417
2109
2630
970
6215
545
1829
6579
3327
9000
8770
2424
4471
9021
3337
8180
7088
8990
4956
6757
6607
5253
6496
4678
4428
18
6945
2764
3191
310
2930
8438
8073
7076
6041
923
3530
5280
6645
5271
8192
7616
911
6826
7355
775
9345
9747
8633
330
8958
4858
1102
2075
8212
3610
2859
7528
1008
5935
4141
3411
4552
7488
445
8212
4763
8753
1752
3030
3030
511
1785
1588
656
8309
9960
5815
3353
9266
5275
7458
1902
5445
1060
2392
7675
5645
4204
353
8731
7977
2989
9810
7638
6323
5835
862
9710
9560
6174
3087
837
2515
1902
8560
1115
5759
9503
5393
4001
642
1996
2163
2359
5698
7587
6441
6440
429
1576
6622
5847
6613
4339
1728
5726
1731
7467
3890
9510
2068
8342
4515
2674
4326
7726
2479
4517
2872
9492
8148
5989
8961
6910
6583
4959
5317
5694
36
7060
6816
7071
3332
9108
2
6678
1871
9423
7411
4453
193
8910
6043
8940
4476
4541
211
5961
363
323
2885
482
1153
3048
1587
6636
9145
5305
7962
6940
1250
513
5431
6243
8853
5348
2129
5332
1277
1420
7258
4435
378
9106
7304
752
9868
5944
9790
1188
2533
3106
3391
7359
1971
3908
9167
8054
5495
4625
9389
3483
8708
6830
3644
5423
7494
5407
414
9170
7552
6341
4712
5228
198
433
5287
2628
1826
2366
1808
1991
1072
817
8453
560
2608
3255
7183
8459
144
6684
3203
9794
4879
6365
2578
3877
2778
275
6189
935
7349
4665
7433
8849
8694
2403
6844
7058
6279
1533
131
1302
9897
6354
2957
9815
6342
2948
6043
2080
4170
3061
5768
4409
699
4559
5160
4212
9253
5021
1692
2422
5216
127
196
9165
7158
6083
9632
4436
8442
661
731
856
1682
4909
9651
3673
1069
2039
6321
9622
7159
7741
1956
5327
6844
8935
1603
59
8970
2005
3458
2176
6681
7178
3404
2996
1745
1659
7929
4962
8762
7799
7381
7220
6399
2460
1953
4015
5508
4606
7934
8475
2765
3020
6826
546
8193
9070
828
645
8390
6197
7633
3452
8488
1606
598
8072
7206
5915
2937
6432
9567
5225
1868
8389
2383
6808
3770
8509
1933
9632
444
1632
952
5017
300
7137
8196
6360
3339
480
9944
851
7356
9303
5534
6927
814
9060
3958
3013
1981
6438
4238
1254
9383
3833
3343
6222
1842
5576
6076
8977
5634
4842
9251
3728
8841
9478
6720
1077
5720
5142
4304
6362
9914
4673
8184
9317
2878
9357
5510
9503
1908
7723
4942
3022
7349
10
4658
6326
6167
1153
318
2799
7182
8130
690
4847
1501
5254
1018
2748
1201
9440
5960
5165
8909
4271
7655
761
3746
668
6764
3426
5483
6358
5026
1205
7276
4714
7765
5667
809
5211
7587
9539
9090
8016
4281
8588
235
3842
2352
9975
8309
7651
7330
4138
4329
4203
5804
5074
8801
798
1593
3633
8966
7103
1057
4355
7891
3369
9536
8445
9257
4955
7163
399
3362
2446
802
2124
9482
7
8968
3586
5588
4772
8342
1964
3324
7224
2201
5353
6971
302
5918
1019
6205
1592
8463
2995
3445
2292
6204
8080
9075
745
5512
3796
6731
6992
8975
4728
9997
7051
3938
4621
7942
5515
7001
8599
6132
1753
1001
4606
3784
4120
1895
1562
3421
9681
1399
6879
870
370
4445
4713
9250
3301
7165
5085
8498
1318
7238
5729
3840
3892
9069
535
9824
6490
812
1569
5461
4512
774
9682
2194
9619
9296
6466
1782
4102
8094
4942
8066
945
9743
7856
8697
7143
9530
4679
9871
8789
4244
5964
7136
9456
430
5668
7099
3962
4593
3591
2887
4470
8460
6496
2699
7460
9556
5963
181
6432
6398
4396
1824
5640
2404
9729
688
7191
5026
9793
6577
3679
7708
8524
7500
2051
3195
6978
4405
3727
8348
8093
2231
709
6278
8280
9088
1323
832
3475
6881
9888
6676
6832
2590
2709
3317
4835
4427
5132
4208
252
9731
7716
9511
6802
5729
1761
7306
4042
4402
4110
5846
1450
2113
8360
4136
4041
6417
168
6827
2631
4304
688
1668
5330
7765
4093
7642
1308
4402
7864
9722
8226
8614
8826
2402
8317
7553
3212
3246
6195
9575
2443
8664
3136
4401
7866
9013
338
2752
3953
615
3277
9755
2232
3981
8086
7234
1307
8739
5246
1502
4618
5280
3889
1991
1370
4334
2308
998
2422
1870
7737
4569
8998
2286
3941
1839
755
9044
2975
5300
2971
6085
9272
8188
4306
6730
8138
7745
1415
2777
8980
4062
8041
5490
5011
8903
8591
3009
6636
2760
2177
7082
8927
6469
67
3082
1823
8055
7372
2157
3092
1371
4967
7601
4179
4954
5110
2108
6390
2445
5850
2497
1259
9591
9924
5571
1682
432
1137
1593
7367
7725
7663
1983
9355
4810
7136
5171
9354
1624
7569
8597
6705
6982
6151
1308
1216
875
9690
2025
4245
9562
8537
9990
6753
3200
887
4881
2515
7425
4292
6809
9833
1021
9832
6009
9540
9545
7659
319
4189
8704
2591
7719
785
9211
6471
5249
9423
9741
5201
980
3566
6244
3631
3530
2083
8573
6587
7100
3839
8102
194
2495
5608
795
4423
6614
5997
2765
2991
5584
7903
5415
5318
9762
650
6473
5254
6498
6826
8633
6112
7781
6838
9094
8731
9118
5775
8380
316
5291
8986
8398
5519
8002
6638
4861
2249
9490
3442
4352
95
1812
4600
6919
7354
3237
3594
6578
2768
2227
9834
8019
8687
7040
1900
9079
1531
3326
6605
178
3219
3632
6550
5417
5237
6370
3133
9161
3758
1474
8027
1385
9315
8530
6527
1346
3136
1632
1950
8397
2648
7293
117
4102
7275
5492
420
7151
4103
8985
481
679
4413
6463
903
9305
5069
8419
8330
8746
9475
6009
4469
2259
4850
8889
838
7187
7645
7878
5656
3755
7300
1133
1830
128
6644
1044
4465
3463
4645
27
4631
3628
2759
3710
8931
5793
7866
2304
5139
2992
1477
6193
3419
3783
5617
9645
8745
136
335
283
3938
1563
4163
5225
9258
3497
9642
3399
1907
1899
674
9956
9247
4401
6672
2562
3143
1752
6512
4385
8298
2273
3700
3324
8920
1609
1245
5792
3664
5561
8872
4386
7089
20
5744
1506
9132
4476
9539
939
3757
6534
1850
6518
3992
5261
8801
2274
2582
8206
4005
1237
4098
1023
3852
5487
6381
9334
8188
225
1753
9345
9350
5956
7861
8899
8641
7827
1494
6987
9065
5668
33
3705
6098
4034
9019
6251
4169
1985
7152
4953
7899
5134
5602
7641
4663
3789
644
3374
1243
2388
3602
1895
7419
2089
2162
3129
649
9771
6021
2866
4919
4400
7561
7383
5662
8986
1633
9704
2378
9229
1911
9439
1915
6367
850
2169
3792
1876
5368
1618
9512
9772
3989
2995
1286
214
2901
2163
107
3021
7185
9267
2496
8014
8755
3094
2146
8651
7476
6351
2976
9287
7727
7518
7319
8733
6833
7281
9833
1227
5221
1384
1000
8417
7119
7642
4819
7630
2541
7103
72
3181
1353
8754
9613
480
3121
835
1182
9474
869
9365
2753
9845
9239
7872
1751
5395
7241
8407
1010
9156
9119
6830
5191
864
6682
1372
7643
7596
3718
3896
9346
9377
5958
9800
4477
4581
1114
5452
8257
4452
9685
7562
789
4050
2130
1084
5382
9273
6285
116
4566
8557
1660
5677
2886
3894
4634
1175
9156
1344
9629
4015
1281
2072
887
1638
2955
933
706
7093
6890
3214
8013
6823
827
3468
6341
6658
1274
5392
2750
4094
6981
6047
5891
5094
1061
7251
3719
3736
1402
2621
3567
116
1889
3593
8436
3533
2225
178
6027
6972
8484
3552
5791
1749
2485
3757
245
4415
7391
8337
1208
4734
9986
9120
4281
9341
7966
8907
4395
5738
2625
2460
7950
8401
323
7180
3305
3015
6972
921
7926
7519
1573
6725
6243
937
2228
3776
9407
9816
3104
8135
3753
6830
6328
9814
9643
4415
7812
9953
1978
5026
4286
8356
8455
8892
9453
7663
2248
3149
4425
7309
921
3522
7053
699
7821
8170
6138
3877
604
117
5974
4488
9678
5779
6227
4169
6720
9857
2484
9550
6029
299
7397
6409
883
266
2350
8514
4843
9547
1628
8040
989
6582
3898
5285
9939
2623
8413
8713
3969
6630
8424
2958
2447
9874
5158
2216
9120
6465
8241
8433
6727
4113
6918
6504
3932
2890
6703
7287
669
7774
5098
7181
2981
268
4381
5994
7232
4198
3820
7355
4712
6722
4188
282
294
2674
5068
7577
9347
1189
8338
8944
7795
885
7632
4768
1740
7195
7010
8218
7621
6995
1622
7485
5642
7794
1649
7647
5451
7576
985
5202
4319
7603
5162
7630
1656
4224
3389
7299
8503
374
659
378
3179
7128
5926
8277
6658
7018
9593
4581
5246
9685
6848
1197
5176
2554
8171
6985
5092
328
3451
8084
4295
3104
9377
9452
4528
9105
9798
2385
7728
2037
3720
8716
4598
1294
5204
4595
2872
5053
790
4978
5203
5414
1777
8772
9652
6581
2223
136
6371
6509
2654
7863
3974
3311
8314
6746
9297
6578
3228
3169
953
5433
604
4886
7443
3405
3970
3559
2411
8664
8758
3399
4289
6110
7036
7508
1958
5379
6044
9376
4094
4290
6217
5929
2250
7187
8575
8373
8717
7566
9858
7531
5587
7779
4824
2029
9710
6730
2940
2825
4454
1320
106
270
1070
5381
6146
1053
358
2842
938
6901
2000
2336
6006
7103
8479
3740
2882
1378
1952
3715
9195
725
3718
5819
8703
9933
5764
8959
1590
7018
6727
881
9859
7284
9966
5008
5487
4798
831
6868
2182
6820
2111
5899
7190
6825
4350
498
3298
3403
5180
4384
9771
7773
965
9943
6634
1971
4784
6813
1564
8988
3734
259
551
6148
804
5492
5414
7532
4859
9652
5993
6312
9524
5955
2454
2290
4646
1602
1598
7618
6257
9231
9981
7737
7220
6673
6841
1396
7778
123
4928
7416
5996
6015
6042
4941
2615
243
2674
4384
7912
9764
4419
6084
2994
9158
1821
1176
2494
7811
9416
3280
9768
6285
6091
1646
8251
3700
7715
122
6331
6916
4952
5144
2594
5015
8761
260
3941
7366
456
8475
7705
8903
8781
7833
4498
8962
5183
3236
3505
9365
8006
9602
1240
3461
778
947
3539
2216
1576
4701
4535
2566
672
3866
405
5494
1669
490
3093
5066
6497
3853
4234
2594
3178
4542
4583
4815
9651
572
3035
2923
2078
8760
4190
5553
1581
4481
4184
7187
3310
6958
5594
7799
9375
4141
4493
5094
436
7030
6003
4370
9897
4694
8780
5557
6842
2879
4246
3898
8241
3216
9394
7034
2176
2225
9567
357
7150
19
2126
1680
3685
2893
4052
6158
9608
9319
7339
5769
4630
9875
1553
6059
3843
9309
4412
2391
6270
7643
1808
3387
6623
7417
8802
2761
2208
551
1267
7826
7996
1100
4355
8061
2433
7322
2711
9238
2136
4012
7862
9686
205
9289
2661
5398
9197
414
6541
194
2956
7231
3882
9272
6098
600
5213
8246
121
2160
26
6194
8583
857
5979
5404
345
5989
9480
5993
335
3723
3096
6879
2373
175
5612
4611
5063
3464
7409
314
5523
9787
8086
2473
8660
2571
8654
860
210
4504
637
2504
5787
9781
2596
522
6505
8532
4589
5202
8522
1769
5056
1466
9491
9592
9757
208
8070
138
9274
5271
8231
8508
5250
729
6130
7411
3821
3301
9645
1789
1074
1976
5739
7245
9658
1701
8074
3517
8829
4168
6206
9522
6438
1768
840
5876
3303
7480
4313
6671
8571
6674
8490
1643
1504
9637
2749
5134
2885
5917
6917
759
628
6372
6750
3722
846
7411
5217
6784
2149
3024
2727
9031
4529
3598
834
9558
4865
122
800
3815
4956
3214
4290
9803
9565
6231
2631
9733
4222
4322
3143
4396
2103
3373
9548
4319
4526
4189
6128
8319
5439
9584
5654
4961
1235
5001
2796
1563
5708
8119
4170
6236
3782
2884
8171
2255
4216
9568
6347
4539
473
7580
6367
8794
8426
629
7117
9761
8412
9527
7480
4
9429
3038
349
7821
3456
2305
8076
2120
6386
5362
270
2478
6972
2822
4353
2703
9732
4916
8072
7493
6341
587
1155
399
5754
1905
6159
1143
2022
6343
9300
6789
8930
9574
5754
5130
3402
7327
3385
3727
51
6308
8280
4060
8118
9076
7019
815
1997
3874
9401
195
26
2703
5524
2112
6401
5445
1411
1851
5206
4348
663
4116
3129
4369
8098
8502
837
3729
519
5608
5254
9139
1663
39
8432
3979
4196
8618
6371
3498
9420
1487
5197
3546
6383
1610
6096
1491
9412
5397
1198
2208
6858
664
2286
4455
541
1882
5844
3458
5078
4684
6790
9333
9063
3660
4463
6988
7894
8628
6736
7026
1444
4808
2568
7750
4759
3432
8904
3894
5410
6395
1154
1975
318
5744
9412
5788
6424
4641
9985
1252
2185
5860
7115
8371
946
9068
198
1751
6612
6258
6756
4994
4933
7626
3093
6615
6019
8401
797
5468
8087
1491
9976
5419
5482
9282
8348
1176
9814
9336
9851
5706
5528
3157
5805
2843
9426
9031
8778
2037
75
3185
7218
9523
538
1709
2632
4110
7708
7080
9811
6371
4452
5873
2531
8297
647
4304
69
1361
4772
4036
9603
6530
4755
8000
7425
6545
8437
7043
8292
5560
4676
8506
7452
9573
3866
8415
8532
5731
1308
9502
3763
8386
9319
1885
7940
7606
3751
7978
5675
2327
4365
8257
8824
8085
6984
3737
396
7571
7092
6124
6415
8516
361
8119
1751
2612
1293
8336
9824
362
1610
9710
8094
64
4386
8630
9347
2167
1918
4571
1621
3614
2990
4803
2901
9112
2357
8694
4847
2426
4187
3071
7744
3428
377
37
5560
1273
9879
4901
6107
8213
3254
1472
9608
4249
8149
9649
5581
798
7087
7259
3022
4240
324
4943
5204
95
5076
9765
1170
8960
1847
1568
9979
3670
4625
5762
8815
4847
8268
3405
6527
3133
9473
5002
909
5670
6214
3444
461
8427
6477
6464
7027
2552
7801
4099
6375
9778
5740
5627
2967
4929
5724
6438
939
1004
1553
4051
7976
1948
7361
9380
6352
5326
3406
1881
6149
9543
9995
2090
2625
8130
226
8899
2900
9387
5325
7623
3271
4204
6218
489
8817
1876
4334
2136
5209
7649
3369
2925
6299
5864
6301
4856
2856
581
546
3164
8234
251
5020
9453
5436
9535
7385
6677
2471
8683
826
3279
7972
7859
5831
5298
8156
7368
1421
2393
4856
9194
3612
5426
7094
2436
7144
5034
7146
3448
9424
6473
3339
3480
5463
2095
4976
5018
7712
6041
4829
7867
1907
2236
8081
4094
1932
6253
3818
3330
7753
4392
8987
9600
983
9007
3377
7109
3762
9329
4505
8792
7747
1164
9039
5967
9078
7345
3022
6582
4284
7243
312
24
610
6469
7892
1186
4530
3720
1134
9233
4853
5953
1702
873
6620
8676
2366
6656
9444
3102
4205
2176
3553
8963
2672
3331
1881
5131
6429
5417
5134
7282
122
3964
2463
4381
7326
1996
6104
3349
4480
8407
2201
784
4275
3152
5759
537
5288
5768
871
5645
9706
5118
8274
215
6079
910
5397
3744
1794
5093
1102
1624
9244
9301
4016
4503
1221
3564
4095
2988
3906
1380
9108
7826
7094
9756
3633
7723
9096
9396
800
5901
9396
8870
6185
1592
281
3742
1489
3971
3302
4209
847
4475
8519
1312
4947
6032
7982
7084
3772
427
4627
2055
1914
4041
147
3738
1444
1597
743
1027
2804
1985
2624
5806
1171
6954
6526
5539
6525
5783
6626
9421
1778
5581
1407
7859
1625
6088
6712
1332
3189
9684
7941
3346
2646
9444
8680
480
6563
8318
6911
258
7950
610
1374
1219
949
6145
805
5150
3910
4475
6303
1163
5991
2351
1750
9311
3355
8702
4778
8347
7446
3211
9332
2426
2980
7434
2265
9618
3885
2821
5490
2466
3548
3829
6147
1631
1048
8611
3369
2297
8402
7501
2408
8689
5656
5270
7316
9474
82
8069
9266
1771
8567
7266
5561
834
4268
898
5248
9489
2500
8745
3018
524
7065
7841
2384
3805
7047
3276
7400
8645
4484
1537
2855
8865
6347
780
4627
5979
7895
4624
9143
3917
4674
1040
8148
9573
9363
4708
3046
7973
9195
8429
8780
2935
3474
2355
9446
5379
6856
22
1596
6782
7303
245
1758
9970
7962
3945
2815
5207
9793
9975
5343
5501
9105
5413
6911
1811
4798
6118
7662
3108
9428
8067
4841
1552
1015
8789
2569
6490
5569
2307
848
9134
3355
3639
4503
7892
57
8858
1989
5599
4249
5455
5381
854
975
1452
4222
1086
1837
8342
6610
7156
1614
1855
3550
327
3335
1160
4146
864
7912
9738
5130
2626
4021
6770
2114
7606
9375
992
9547
3044
6323
5507
7749
4736
4902
9033
3640
3063
5426
5264
2420
9357
7011
4535
9105
2573
7379
432
3383
8680
1684
7462
7564
6529
7193
7870
3700
3529
6103
2701
4252
7114
7120
74
9763
2163
796
102
5226
4969
7397
8248
9877
6169
467
1845
8442
7082
1689
8037
957
7032
1456
5803
4233
4964
7723
2566
62
3002
7724
4169
4213
3680
2282
468
7649
2301
6058
979
7098
5057
3571
1917
7057
7253
6772
2606
2178
1400
3691
6067
687
8649
8944
6436
5317
6905
8129
7566
6752
6481
6484
4001
978
7305
7477
5593
6547
4282
5977
4408
2607
3260
8043
9884
9813
8926
2475
9014
4587
6411
6602
9394
15
7123
6370
8782
2297
6535
5665
6873
6132
6256
4174
8781
7818
6776
9943
6265
2748
8958
8391
3375
5109
5122
7052
1311
3556
2001
5176
2576
6850
2368
709
4955
1537
2551
9168
5413
10
3536
6704
5321
2909
9728
4837
3352
3043
4728
1359
1763
1540
7480
9009
6567
225
1522
4647
7716
5759
2789
1014
7484
4248
3025
2130
2177
4418
463
8721
5229
3399
9930
1514
3860
340
4725
9391
8697
5073
4733
4338
137
2686
3352
2067
8021
7074
3540
8723
6290
2814
4156
1507
7454
2814
126
3484
566
2820
6835
7683
3465
8323
9282
2030
7245
3926
9097
9553
5427
8502
8437
8348
8611
8264
5644
9204
2736
1297
9090
8054
5329
7607
6221
3974
8356
3440
1379
4488
4908
8263
8257
4256
7333
6783
8153
5995
7021
1456
8033
9865
8911
1336
964
7907
8807
7066
3797
710
4331
2759
4413
6185
6472
5759
6034
9734
1656
3304
7729
3403
5765
1424
1718
9040
1729
9727
2078
6747
4744
1930
4577
4698
3529
8141
5296
3738
2073
4597
5460
2567
803
9336
855
6318
4436
1508
1494
9628
3353
4736
7621
543
9461
42
1992
8409
4092
3189
9173
5357
4818
9160
8945
1486
5334
8645
3815
2651
717
5315
527
169
6662
7544
5140
9806
6808
3346
8573
5444
1271
7883
5971
6963
1193
7334
1589
3183
9043
4961
7187
568
1090
9132
2114
8668
2464
1202
1005
1480
9322
6941
1734
9192
5893
9556
5215
6739
7295
7120
7082
3271
4915
4348
2288
4124
1163
7589
7219
3253
8937
7332
7414
5403
2774
2076
7150
7387
6419
6023
2522
3557
9830
3779
9788
6400
8570
6751
2829
125
1990
8902
1123
1097
9078
4615
8091
6875
8155
2580
3728
4550
5575
7911
3906
8620
6581
145
2628
2810
6476
3240
9432
2976
7783
5634
6720
8669
8283
5350
8162
4329
170
6400
1313
1080
9989
2925
6728
5746
7200
243
731
6285
8605
840
7379
7655
335
91
2438
2439
9572
8902
6681
6295
4483
6517
8094
1941
280
8582
9308
7100
8394
1214
2775
6052
9554
8393
331
693
3621
6633
4545
1622
4001
9613
2276
525
1720
478
1497
5904
8731
4137
5934
8785
8158
3572
3137
7335
132
3083
7845
9383
2372
4240
8141
127
4573
6803
3489
4164
2242
2579
4200
5365
618
3514
9598
8920
1741
3603
6180
7727
2631
7129
2353
7543
7804
4696
783
3933
3100
761
3072
5204
7547
2704
8762
1958
8366
7571
7577
3147
6494
8739
8146
2644
7600
2439
7497
9965
85
2239
8802
8035
5879
6901
6835
6488
4671
1777
1193
9520
7573
9497
6360
405
4181
8485
4175
7493
6295
5705
5041
3007
2399
4555
8267
9513
1229
8568
7342
4072
4118
3243
8963
6260
1503
6682
4619
9019
8873
4004
3187
7213
7818
1165
7687
7141
9013
2372
5168
5090
1543
5679
1903
3538
9228
1005
8119
1796
8040
9647
1085
6858
8413
8156
2193
8454
8761
6912
3684
6863
4708
3261
2833
8958
5421
6645
3379
7225
1422
6097
4312
9345
3417
3855
2945
7874
6385
2939
3872
6149
7356
8346
7326
2534
4959
1725
3296
6226
2868
5384
594
7954
7593
8511
2271
6793
4647
4607
7112
3399
8319
9504
1956
2671
2955
4669
225
1461
3162
5204
7321
7206
6863
4013
5443
5985
3629
8517
6992
9597
344
7324
6117
2673
7833
3346
4294
1258
3733
531
5635
9455
8931
1961
7832
196
9706
2135
7796
2817
1769
9160
6201
962
6533
7264
8430
5225
8996
4496
23
7932
2745
7994
2917
2340
6789
377
7952
8659
3938
6562
2874
422
3214
8927
9977
4279
6866
4324
2994
8661
3235
3549
7359
3749
9885
8328
8104
5788
6328
5040
275
1565
8453
8468
8409
6072
4496
4464
8052
8706
3446
1290
405
4071
6352
8428
1722
7238
1141
421
2854
6510
610
1947
4000
1473
6843
7669
6867
3340
2587
9286
6566
4742
3659
7462
1833
2340
3988
2494
5672
5624
7348
4703
4943
6792
7150
252
3843
176
5268
6736
8460
8131
5617
3485
3920
4440
2064
934
6446
1454
5787
3355
8680
4921
4920
6340
1115
770
1677
9855
6605
9342
3079
7653
9751
8337
2539
7496
4474
6495
4174
1755
1683
8584
6634
5048
147
4892
3488
3719
3970
6532
2606
427
4559
4489
6591
5561
1775
7841
3371
2655
6784
1511
555
5714
1198
6926
6750
1906
1251
1781
4897
1245
7990
5829
4727
7249
1790
7690
7442
3914
7479
335
6528
7017
8024
4228
622
2148
2094
9298
8203
672
1035
8386
7763
4822
8164
2911
1497
6979
7396
3786
9045
4826
8403
8093
1015
8928
4054
6145
8569
8462
5527
460
4211
7972
9034
3793
1526
8600
2507
5399
4172
9573
5582
2548
8897
211
9529
9573
9465
521
7079
4466
5789
3388
8316
997
7484
5427
9252
8556
8470
5254
7016
7333
2406
7681
2334
707
2334
5267
1517
7473
5928
1695
1412
701
102
9881
8038
1400
4481
4987
1496
9657
9263
440
4389
3242
5098
4024
3748
4501
3486
3252
6480
514
946
7840
2955
6088
6018
9282
168
8098
9539
2594
2782
319
2382
9700
2554
7050
6873
9423
2558
2189
8151
7528
4264
3421
4787
6666
5109
5064
2564
406
3923
6935
4110
3584
7934
2400
5450
8318
6275
3963
7361
7499
8735
4514
2881
5490
1774
5766
9318
7031
26
3711
4790
6024
8390
781
1710
5546
291
2827
2893
1456
6877
587
3460
7552
7340
3639
4515
5507
6121
2351
1257
3253
7303
2235
3637
4585
7709
347
2190
34
3832
736
2144
9184
5750
9282
3461
6769
6477
9316
6984
1078
9150
5223
3383
6336
2314
1563
2071
7823
2691
3539
3463
2620
870
4817
9783
1917
3865
1414
8046
8488
7664
9701
4897
4390
8753
5875
192
1470
9720
1916
6165
9087
9661
6649
823
4080
1334
2478
3835
3458
2445
60
3367
8373
2835
3256
1692
8041
3187
3913
8035
9433
5591
9760
288
2126
4966
2882
1121
3942
8104
3949
4442
1251
112
3129
4990
2780
4851
1167
7108
2669
8623
2168
7894
5438
8967
6153
7945
2749
6389
8148
699
9405
1827
9706
5803
8384
1537
7041
802
7203
5447
3116
7968
7285
8138
7831
4784
8644
4637
7514
4504
6542
8488
8797
7819
9309
8693
1901
7622
6030
4356
1979
6229
5135
4093
7234
3866
6241
7553
8038
415
5591
5700
2029
9996
427
5272
8298
2957
6244
2581
4596
7295
5982
7394
2570
3868
6029
5687
4793
5590
8138
9865
1866
640
6816
5247
5842
6920
590
7991
478
5573
190
3581
357
9579
7421
9019
1214
4474
7650
2035
842
7452
8336
2186
4900
4707
8438
4074
4277
8481
241
5528
4280
4347
3584
6335
1648
1949
167
7771
5340
2672
3716
5114
9047
1128
1958
5140
6336
8360
6103
8612
128
7445
5606
46
4856
1498
5874
2556
7064
1202
7430
6737
7829
9572
8618
7134
4591
5108
3515
9563
3785
1490
4724
6267
2928
3130
9107
3260
7094
514
5477
1366
5933
1971
9225
4026
9485
2678
3940
8774
6701
6320
5808
2995
366
7826
6164
5375
9556
7944
4701
5212
6930
6601
1557
4732
1868
4772
5064
9150
4681
6497
2408
6680
4810
5001
6122
4522
6540
4803
2050
1581
2746
3167
1970
4243
7891
1641
8186
500
5119
8619
8360
4164
1503
6897
6412
2544
7358
8185
4367
8177
9593
2027
5278
5754
7947
9034
568
4197
4630
5491
9666
1113
4191
5222
1939
6656
5178
5278
3221
9361
7904
3076
5574
7666
9299
4238
9136
190
2757
5093
856
6520
7234
8066
6673
4018
159
3988
3786
214
876
3499
4920
2737
1100
5854
3567
197
380
8604
1338
7499
1310
411
6131
6719
4383
9127
8202
751
3575
9353
8747
1380
1774
881
4057
2788
2379
9389
1489
4238
2769
5806
6540
1741
794
9378
9783
1035
7820
6436
6698
234
4969
7111
7796
7981
6842
6277
6521
6627
1700
7136
3430
2197
9455
2952
8521
6061
9418
2943
8407
4057
2413
6633
5705
6524
9805
4801
676
8167
1804
3778
4342
6886
2387
3037
8728
3410
1543
6444
4711
6003
8009
3013
7780
866
5041
2881
6856
6624
5532
5658
8285
818
869
815
7968
8189
7134
1346
9680
4611
9433
3794
4303
5066
3622
8746
3971
5703
1565
4619
300
4627
2731
6906
342
7568
686
1546
8764
8086
957
2254
8425
331
4390
9912
7267
1598
3283
5887
1030
3106
99
588
7779
8139
9401
2097
2347
9636
2038
9071
6237
2448
684
4790
401
9899
6841
2154
2769
5144
3004
4898
2439
9690
5066
3727
4618
7730
9513
6463
5642
9607
1831
698
5233
2447
2406
791
8786
3794
8654
2170
3761
8002
9641
2710
4639
9786
5877
7316
7281
6535
7833
8707
8331
5817
3073
4875
7513
6110
8262
5266
1500
8836
801
6670
880
1225
3552
9899
1665
9011
7954
7734
1858
896
1708
7496
4194
9393
7467
4640
8195
4068
1390
5155
8026
7156
7148
4934
6451
8559
5165
6923
5988
3621
4438
7452
2331
7211
3261
8258
1785
2863
8475
6622
8898
968
5391
7549
7638
4789
1278
4735
5955
807
8883
9436
3602
6214
1769
7454
2185
863
7635
8396
4896
7063
1231
9816
2306
3019
2827
1226
151
96
1798
9156
2228
5537
664
8465
22
5102
7907
3417
542
3187
4470
3558
6046
7409
7179
117
9803
1426
423
1734
4441
9571
2772
1697
3349
3449
3536
154
2792
2051
6615
9014
7521
94
5812
4912
2175
7556
8474
4163
8847
2275
2746
8786
6103
7923
8544
4829
571
9726
2645
8745
2128
5789
4647
2520
12
162
3409
3604
863
2019
1619
7984
2818
2490
795
7635
4975
9863
8955
2333
7030
327
9363
7346
9816
9544
1992
5874
8185
2037
5821
1735
3066
9330
8772
4385
2958
3685
2786
3123
6993
8809
5736
5215
5575
542
6713
1024
7405
4190
9933
4234
2829
1611
1266
6715
9961
5677
5769
1693
601
3727
7969
2655
6997
6321
1054
9936
6206
3469
5379
9696
4467
9191
3930
9980
88
5600
2861
2582
381
3076
1070
9031
1769
2038
6100
5336
1609
9346
1200
126
603
6074
7646
8608
9988
8130
1581
5700
6314
5274
9238
9060
1574
7764
1435
1397
3313
321
9887
793
1114
7719
5336
2271
70
3351
3360
4432
7108
3109
152
6182
3326
7001
7276
61
6839
453
131
3190
8725
5245
5350
5547
5562
1093
4652
8411
3515
527
544
9991
3536
8498
2549
1958
7946
5548
3642
8805
3301
774
1223
3287
46
2524
4265
6519
8944
7269
8811
1160
4456
8356
7519
5075
2823
1431
6126
5371
3782
5305
8991
8826
2214
2188
2678
5456
3125
6599
9647
5105
9776
3762
9980
4901
3556
8872
1409
3809
3147
859
3261
4255
8002
6788
8502
6079
3011
8228
9456
2771
8375
9313
6318
6216
6932
9254
4931
1091
5839
5786
5272
3107
988
3286
4682
7446
6265
9928
1847
7751
8226
522
6384
6334
3404
2394
7435
3423
2912
3548
427
8677
5301
2260
8934
5518
8596
4291
9048
8151
6190
2971
9700
5038
5895
5033
1755
3322
6648
1812
1935
1603
4518
5975
2000
199
6149
2612